FOUND BICS:#49
 I=[0,0] (2,67) Y=[sgot,gammagt] X=[5,6,7,8,9,11,13,14,16,17,26,29,30,34,37,43,44,46,61,62,66,88,91,93,104,107,108,115,119,122,125,131,134,135,139,144,153,164,173,177,191,193,194,195,196,199,201,209,214,216,223,224,238,241,245,247,256,258,266,270,273,291,301,302,308,314,323] pvalue=4.886818531235784E-4 Lifts=[1.2492272365980746, 0.8702964052974564, 0.6865671641791044]
 I=[0,0] (2,66) Y=[sgpt,gammagt] X=[4,5,6,7,10,11,15,17,19,27,37,42,43,45,46,50,61,62,63,66,68,69,74,78,87,89,91,103,108,115,117,119,122,125,128,134,135,139,144,153,161,164,173,177,194,209,213,216,223,224,225,238,241,245,266,269,270,272,273,282,291,301,302,308,323,338] pvalue=8.210881686442873E-5 Lifts=[1.1753630984400214, 1.030729833546735, 0.6969696969696969]
 I=[0,0] (2,53) Y=[mcv,gammagt] X=[4,6,7,11,13,27,29,30,37,43,44,45,51,55,72,74,89,91,93,104,110,112,113,115,117,128,134,135,153,164,190,191,196,197,199,201,203,209,210,218,222,223,225,241,242,256,258,266,270,282,291,323,338] pvalue=0.03 Lifts=[1.3481076253209778, 1.1001860217911241, 0.37196765498652284]
 I=[1,0] (2,52) Y=[mcv,gammagt] X=[8,9,10,12,15,16,17,22,26,42,46,48,50,61,62,63,66,69,78,82,87,88,102,103,105,107,108,119,122,125,142,149,173,195,206,208,213,214,215,216,224,238,244,245,247,272,273,281,301,308,324,343] pvalue=0.32 Lifts=[1.2955166135639509, 1.1213434452871072, 0.4423076923076922]
 I=[0,0] (2,49) Y=[alkphos,sgot] X=[2,5,8,9,20,21,26,29,37,46,54,62,83,85,91,95,100,116,119,134,135,139,144,153,164,177,191,196,201,230,238,241,246,247,256,258,263,270,273,286,290,291,298,301,302,312,314,323,327] pvalue=0.13 Lifts=[1.0832025117739403, 0.9916642713423398, 0.8717201166180758]
 I=[0,0] (2,48) Y=[alkphos,gammagt] X=[5,8,9,10,22,26,29,37,46,62,63,74,78,91,105,112,117,119,128,134,135,139,144,153,161,164,177,191,196,201,218,225,238,241,242,247,256,258,269,270,273,281,291,301,302,314,323,324] pvalue=0.1 Lifts=[1.1057692307692308, 0.9110915492957746, 0.8898809523809523]
 I=[0,0] (2,47) Y=[mcv,sgot] X=[2,6,7,11,13,29,30,37,43,44,54,64,91,93,100,104,109,115,134,135,136,153,164,170,191,192,196,199,201,209,211,223,234,240,241,251,255,256,258,264,266,270,276,283,291,323,327] pvalue=0.28 Lifts=[1.3030341180914011, 0.9304764758765358, 0.5592705167173252]
 I=[1,1] (2,47) Y=[alkphos,sgpt] X=[14,16,25,34,39,41,44,48,51,55,58,59,70,72,77,90,93,98,99,102,126,131,138,142,149,165,169,172,175,176,183,190,206,211,214,222,237,248,252,257,259,280,305,313,318,340,343] pvalue=0.04 Lifts=[1.0858617650761677, 0.72370392568175, 1.0486322188449846]
 I=[1,0] (2,45) Y=[alkphos,gammagt] X=[4,6,7,11,12,14,16,27,34,44,45,48,50,51,55,61,66,68,69,72,87,93,102,108,115,125,131,142,149,190,194,197,206,214,222,223,224,244,248,252,271,272,282,308,343] pvalue=0.28 Lifts=[1.4516765285996054, 0.8638497652582161, 0.36507936507936506]
 I=[1,0] (2,43) Y=[sgpt,gammagt] X=[8,9,13,14,16,22,26,30,34,44,48,51,55,72,88,93,102,104,105,110,112,113,131,142,149,190,191,193,195,196,199,201,206,210,214,215,218,222,242,248,252,256,343] pvalue=0.21 Lifts=[1.4717214806660244, 0.9040288241074353, 0.3056478405315614]
 I=[0,2] (2,39) Y=[mcv,sgpt] X=[0,1,2,24,29,36,40,64,76,86,96,132,150,170,192,197,203,212,219,226,227,228,229,243,251,254,255,258,260,264,268,275,276,277,288,307,327,333,339] pvalue=0.57 Lifts=[1.4132908511606737, 0.6229685807150597, 0.5897435897435898]
 I=[0,2] (2,38) Y=[mcv,alkphos] X=[0,13,24,30,33,38,40,43,56,76,89,104,109,110,111,113,121,124,132,170,192,199,203,209,210,212,219,220,226,227,250,251,254,266,320,333,336,338] pvalue=0.5 Lifts=[1.2893179694799128, 1.0229799851742032, 0.518796992481203]
 I=[0,1] (2,38) Y=[mcv,gammagt] X=[0,1,36,38,54,56,57,64,67,86,90,100,111,121,124,136,170,183,192,211,212,220,226,231,239,240,243,255,257,268,275,280,283,296,307,320,327,336] pvalue=0.45 Lifts=[1.1818748053565866, 1.1508524833209786, 0.6052631578947368]
 I=[1,0] (2,38) Y=[sgpt,sgot] X=[8,9,13,14,16,25,26,30,34,39,44,65,77,88,93,95,97,98,100,104,109,131,191,193,195,196,198,199,201,205,211,214,230,237,246,256,298,313] pvalue=0.61 Lifts=[1.450482715664902, 1.1508524833209786, 0.17293233082706766]
 I=[0,2] (2,37) Y=[mcv,sgot] X=[0,1,4,24,36,38,40,55,76,86,96,110,121,124,132,150,203,210,219,222,226,227,228,229,231,242,243,254,268,275,277,288,293,295,307,333,339] pvalue=0.67 Lifts=[1.2689908843754998, 1.1819566044918157, 0.444015444015444]
 I=[1,1] (2,37) Y=[alkphos,sgot] X=[27,45,48,50,51,59,69,70,72,73,87,90,126,138,143,148,169,172,175,176,183,190,197,206,233,236,248,249,252,257,260,272,280,282,318,330,340] pvalue=0.27 Lifts=[1.1586438509515433, 0.6566425580510088, 0.9768339768339768]
 I=[0,1] (2,36) Y=[sgpt,sgot] X=[10,27,42,45,50,53,56,57,63,69,74,78,87,89,103,117,123,128,137,148,161,207,225,233,236,239,250,269,272,282,303,320,329,330,336,338] pvalue=0.33 Lifts=[1.1341222879684418, 0.9448356807511737, 0.8214285714285714]
 I=[0,1] (2,35) Y=[mcv,alkphos] X=[1,4,6,7,11,27,44,45,51,55,64,72,90,93,96,115,136,183,190,197,211,222,223,228,234,240,255,257,260,264,276,280,282,283,288] pvalue=0.8 Lifts=[1.3998309382924767, 1.249496981891348, 0.1877551020408163]
 I=[2,0] (2,35) Y=[alkphos,sgot] X=[13,17,18,28,30,32,43,65,75,88,97,104,107,109,118,122,145,160,170,173,192,193,195,198,199,205,209,216,217,221,245,251,261,266,331] pvalue=0.84 Lifts=[1.3415046491969567, 0.9718309859154929, 0.4693877551020407]
 I=[0,0,0] (3,23) Y=[mcv,alkphos,gammagt] X=[29,37,74,91,112,117,128,134,135,153,164,191,196,201,218,225,241,242,256,258,270,291,323] pvalue=0.008993097999663269 Lifts=[1.153846153846154, 1.0563380281690142, 0.7142857142857142]
 I=[0,0,0] (3,23) Y=[mcv,sgpt,sgot] X=[6,7,11,37,43,54,91,115,134,135,136,153,164,209,223,234,240,241,266,270,283,291,323] pvalue=0.01 Lifts=[1.153846153846154, 0.8450704225352114, 0.8571428571428571]
 I=[2,1] (2,34) Y=[alkphos,gammagt] X=[0,3,28,32,38,56,65,79,106,111,118,121,123,124,140,170,182,192,198,205,207,212,220,221,226,261,265,267,309,317,320,328,332,336] pvalue=0.57 Lifts=[1.1407935955447266, 0.8574979287489644, 0.8697478991596637]
 I=[2,0] (2,33) Y=[alkphos,sgpt] X=[15,17,18,19,28,42,43,56,75,89,103,118,121,122,123,140,160,173,207,209,213,216,221,245,250,261,266,317,319,320,331,336,338] pvalue=0.79 Lifts=[1.113501882732652, 0.88348271446863, 0.896103896103896]
 I=[2,1] (2,33) Y=[sgpt,gammagt] X=[0,1,3,20,21,32,36,60,64,71,73,86,92,94,106,143,146,170,182,192,212,226,243,255,262,268,275,300,307,309,325,326,327] pvalue=0.75 Lifts=[1.1753630984400214, 0.58898847631242, 0.9956709956709956]
 I=[2,0] (2,30) Y=[alkphos,gammagt] X=[13,15,17,19,30,42,43,82,88,89,103,104,107,110,113,122,173,193,195,199,203,208,209,210,213,215,216,245,266,338] pvalue=0.94 Lifts=[1.3609467455621302, 1.295774647887324, 0.21904761904761905]
 I=[2,1] (2,29) Y=[mcv,gammagt] X=[21,23,32,58,77,79,83,85,92,141,146,198,230,235,236,261,262,265,284,286,287,298,300,305,309,313,326,328,332] pvalue=0.35 Lifts=[1.0559069577637217, 0.8377853326857699, 1.019704433497537]
 I=[2,0] (2,23) Y=[sgot,gammagt] X=[4,12,15,19,22,55,68,82,102,105,110,142,149,203,208,210,213,215,222,242,244,271,343] pvalue=0.99 Lifts=[1.4201183431952664, 0.8450704225352114, 0.42857142857142855]
 I=[2,1] (2,30) Y=[sgpt,gammagt] X=[0,1,3,20,21,32,36,60,64,71,73,86,92,94,106,143,146,182,212,226,243,255,262,268,275,300,307,309,325,326] pvalue=0.89 Lifts=[1.2248520710059172, 0.647887323943662, 0.8761904761904762]
 I=[0,2,2,2] (4,15) Y=[mcv,sgpt,sgot,gammagt] X=[24,40,76,96,132,150,219,227,228,229,254,277,288,333,339] pvalue=1.603091011394614E-5 Lifts=[1.0887573964497042, 0.971830985915493, 0.8761904761904762]
 I=[2,1] (2,24) Y=[alkphos,gammagt] X=[3,28,32,38,65,79,106,111,118,121,124,140,182,198,205,220,221,261,265,267,309,317,328,332] pvalue=0.98 Lifts=[1.1057692307692308, 1.0123239436619718, 0.8214285714285714]
 I=[0,0] (2,24) Y=[sgpt,gammagt] X=[10,15,19,42,61,63,66,68,74,78,89,103,108,117,125,128,161,194,213,224,225,269,308,338] pvalue=0.99 Lifts=[1.275887573964497, 1.2147887323943662, 0.4107142857142857]
 I=[0,1] (2,20) Y=[mcv,gammagt] X=[1,36,54,57,64,67,86,100,136,231,239,240,243,255,268,275,283,296,307,327] pvalue=0.99 Lifts=[1.3269230769230769, 0.971830985915493, 0.4928571428571429]
 I=[1,0] (2,18) Y=[mcv,gammagt] X=[10,12,22,61,63,66,78,82,105,108,125,208,215,224,244,281,308,324] pvalue=0.99 Lifts=[1.3609467455621302, 1.07981220657277, 0.36507936507936506]
 I=[1,0] (2,17) Y=[sgpt,gammagt] X=[22,48,51,72,102,105,112,113,142,149,190,206,215,218,248,252,343] pvalue=0.99 Lifts=[1.2008353637312912, 1.143330571665286, 0.5798319327731092]
 I=[1,2,1] (3,10) Y=[mcv,sgpt,gammagt] X=[3,20,60,71,73,94,106,143,182,325] pvalue=0.89 Lifts=[1.0207100591715976, 0.971830985915493, 0.9857142857142858]
 I=[2,0] (2,14) Y=[alkphos,sgot] X=[18,28,65,75,97,109,118,145,160,205,217,221,251,331] pvalue=0.99 Lifts=[1.1665257819103974, 1.0412474849094568, 0.7040816326530612]
 I=[0,2,2] (3,9) Y=[mcv,alkphos,gammagt] X=[24,33,40,76,132,219,227,254,333] pvalue=0.8 Lifts=[1.5877712031558184, 0.0, 0.7301587301587301]
 I=[0,2,1] (3,9) Y=[mcv,sgpt,gammagt] X=[1,36,64,86,243,255,268,275,307] pvalue=0.83 Lifts=[1.5877712031558184, 0.539906103286385, 0.36507936507936506]
 I=[0,0,1] (3,9) Y=[alkphos,sgpt,gammagt] X=[57,83,85,116,137,162,239,263,286] pvalue=0.8 Lifts=[1.1341222879684418, 1.07981220657277, 0.7301587301587301]
 I=[2,1,1] (3,9) Y=[alkphos,sgpt,gammagt] X=[38,79,111,124,220,265,267,328,332] pvalue=0.69 Lifts=[1.1341222879684418, 1.07981220657277, 0.7301587301587301]
 I=[2,0] (2,13) Y=[mcv,sgpt] X=[23,53,68,83,85,161,194,269,284,286,303,312,319] pvalue=0.99 Lifts=[1.0992262175694127, 0.7475622968580715, 1.0109890109890107]
 I=[1,0] (2,13) Y=[alkphos,gammagt] X=[4,12,61,66,68,108,125,194,197,224,244,271,308] pvalue=0.99 Lifts=[1.4132908511606734, 1.1213434452871072, 0.2527472527472527]
 I=[2,0,1] (3,8) Y=[mcv,sgot,gammagt] X=[23,77,83,85,230,286,298,313] pvalue=0.7 Lifts=[1.275887573964497, 1.2147887323943665, 0.4107142857142857]
 I=[0,0,1] (3,7) Y=[mcv,alkphos,gammagt] X=[54,57,67,100,231,239,296] pvalue=0.93 Lifts=[1.4581572273879968, 1.3883299798792759, 0.0]
 I=[0,1] (2,9) Y=[sgpt,sgot] X=[53,57,123,137,207,239,250,303,329] pvalue=0.99 Lifts=[1.1341222879684418, 0.539906103286385, 1.0952380952380951]
 I=[0,0,1] (3,6) Y=[mcv,alkphos,sgot] X=[49,57,67,239,296,329] pvalue=0.94 Lifts=[1.3609467455621302, 0.8098591549295775, 0.5476190476190476]
 I=[1,2,0] (3,6) Y=[mcv,sgpt,gammagt] X=[12,82,208,244,281,324] pvalue=0.99 Lifts=[1.3609467455621302, 0.8098591549295775, 0.5476190476190476]
 I=[0,2,1] (3,6) Y=[alkphos,sgpt,gammagt] X=[20,21,60,262,300,325] pvalue=0.96 Lifts=[1.3609467455621302, 0.0, 1.0952380952380951]
 I=[1,0] (2,6) Y=[sgpt,sgot] X=[25,39,77,98,237,313] pvalue=0.99 Lifts=[1.3609467455621302, 0.8098591549295775, 0.5476190476190476]

0.000;0.000;0.000;0.000;0.000;0.000;0.000;0.000;0.000;0.000;0.000;0.000;0.000;0.000;0.000;0.000;0.000;0.000;0.000;0.000;0.000;0.000;0.000;0.000;0.000;0.000;0.000;0.000;0.000;0.000;0.000;0.000;0.000;0.000;0.000;0.000;0.000;0.000;0.000;0.000;0.000;0.000;0.000;0.000;0.000;0.000;0.000;0.000;0.000;0.000;0.000;0.000;0.000;0.000;0.000;0.000;0.000;0.000;0.000;0.000;0.000;0.000;0.000;0.000;0.000;0.000;0.000;
0.000;0.000;0.000;0.000;0.000;0.000;0.000;0.000;0.000;0.000;0.000;0.000;0.000;0.000;0.000;0.000;0.000;0.000;0.000;0.000;0.000;0.000;0.000;0.000;0.000;0.000;0.000;0.000;0.000;0.000;0.000;0.000;0.000;0.000;0.000;0.000;0.000;0.000;0.000;0.000;0.000;0.000;0.000;0.000;0.000;0.000;0.000;0.000;0.000;0.000;0.000;0.000;0.000;0.000;0.000;0.000;0.000;0.000;0.000;0.000;0.000;0.000;0.000;0.000;0.000;0.000;0.000;



2.000;0.000;0.000;0.000;0.000;0.000;0.000;0.000;0.000;0.000;0.000;0.000;0.000;0.000;0.000;0.000;0.000;0.000;0.000;0.000;0.000;0.000;0.000;0.000;0.000;0.000;0.000;0.000;0.000;0.000;0.000;0.000;0.000;0.000;0.000;0.000;0.000;0.000;0.000;0.000;0.000;0.000;0.000;0.000;0.000;0.000;0.000;0.000;0.000;0.000;0.000;0.000;0.000;0.000;0.000;0.000;0.000;0.000;0.000;0.000;0.000;0.000;0.000;0.000;0.000;0.000;
0.000;0.000;0.000;0.000;0.000;0.000;0.000;0.000;0.000;0.000;0.000;0.000;0.000;0.000;0.000;0.000;0.000;0.000;0.000;0.000;0.000;0.000;0.000;0.000;0.000;0.000;0.000;0.000;0.000;0.000;0.000;0.000;0.000;0.000;0.000;0.000;0.000;0.000;0.000;0.000;0.000;0.000;0.000;0.000;0.000;0.000;0.000;0.000;0.000;0.000;0.000;0.000;0.000;0.000;0.000;0.000;0.000;0.000;0.000;0.000;0.000;0.000;0.000;0.000;0.000;0.000;



1.000;0.000;0.000;0.000;0.000;0.000;0.000;0.000;0.000;0.000;0.000;0.000;0.000;0.000;0.000;0.000;0.000;0.000;0.000;0.000;0.000;0.000;0.000;0.000;0.000;0.000;0.000;0.000;0.000;0.000;0.000;0.000;0.000;0.000;0.000;0.000;0.000;0.000;0.000;0.000;0.000;0.000;0.000;0.000;0.000;0.000;0.000;0.000;0.000;0.000;0.000;0.000;0.000;
0.000;0.000;0.000;0.000;0.000;0.000;0.000;0.000;0.000;0.000;0.000;0.000;0.000;0.000;0.000;0.000;0.000;0.000;0.000;0.000;0.000;0.000;0.000;0.000;0.000;0.000;0.000;0.000;0.000;0.000;0.000;0.000;0.000;0.000;0.000;0.000;0.000;0.000;0.000;0.000;0.000;0.000;0.000;0.000;0.000;0.000;0.000;0.000;0.000;0.000;0.000;0.000;0.000;



0.000;0.000;0.000;0.000;0.000;0.000;0.000;0.000;0.000;0.000;0.000;0.000;0.000;0.000;0.000;0.000;0.000;0.000;0.000;0.000;0.000;0.000;0.000;0.000;0.000;0.000;0.000;0.000;0.000;0.000;0.000;0.000;0.000;0.000;0.000;0.000;0.000;0.000;0.000;0.000;0.000;0.000;0.000;0.000;0.000;0.000;0.000;0.000;0.000;0.000;0.000;0.000;
0.000;0.000;0.000;0.000;0.000;0.000;0.000;0.000;0.000;0.000;0.000;0.000;0.000;0.000;0.000;0.000;0.000;0.000;0.000;0.000;0.000;0.000;0.000;0.000;0.000;0.000;0.000;0.000;0.000;0.000;0.000;0.000;0.000;0.000;0.000;0.000;0.000;0.000;0.000;0.000;0.000;0.000;0.000;0.000;0.000;0.000;0.000;0.000;0.000;0.000;0.000;0.000;



2.000;0.000;0.000;0.000;0.000;0.000;0.000;0.000;0.000;0.000;0.000;0.000;0.000;0.000;0.000;0.000;0.000;0.000;0.000;0.000;0.000;0.000;0.000;0.000;0.000;0.000;0.000;0.000;0.000;0.000;0.000;0.000;0.000;0.000;0.000;0.000;0.000;0.000;0.000;0.000;0.000;0.000;0.000;0.000;0.000;0.000;0.000;0.000;0.000;
2.000;0.000;0.000;0.000;0.000;0.000;0.000;0.000;0.000;0.000;0.000;0.000;0.000;0.000;0.000;0.000;0.000;0.000;0.000;0.000;0.000;0.000;0.000;0.000;0.000;0.000;0.000;0.000;0.000;0.000;0.000;0.000;0.000;0.000;0.000;0.000;0.000;0.000;0.000;0.000;0.000;0.000;0.000;0.000;0.000;0.000;0.000;0.000;0.000;



0.000;0.000;0.000;0.000;0.000;0.000;0.000;0.000;0.000;0.000;0.000;0.000;0.000;0.000;0.000;0.000;0.000;0.000;0.000;0.000;0.000;0.000;0.000;0.000;0.000;0.000;0.000;0.000;0.000;0.000;0.000;0.000;0.000;0.000;0.000;0.000;0.000;0.000;0.000;0.000;0.000;0.000;0.000;0.000;0.000;0.000;0.000;0.000;
0.000;0.000;0.000;0.000;0.000;0.000;0.000;0.000;0.000;0.000;0.000;0.000;0.000;0.000;0.000;0.000;0.000;0.000;0.000;0.000;0.000;0.000;0.000;0.000;0.000;0.000;0.000;0.000;0.000;0.000;0.000;0.000;0.000;0.000;0.000;0.000;0.000;0.000;0.000;0.000;0.000;0.000;0.000;0.000;0.000;0.000;0.000;0.000;



2.000;0.000;0.000;0.000;0.000;0.000;0.000;0.000;0.000;0.000;0.000;0.000;0.000;0.000;0.000;0.000;0.000;0.000;0.000;0.000;0.000;0.000;0.000;0.000;0.000;0.000;0.000;0.000;0.000;0.000;0.000;0.000;0.000;0.000;0.000;0.000;0.000;0.000;0.000;0.000;0.000;0.000;0.000;0.000;0.000;0.000;0.000;
2.000;0.000;0.000;0.000;0.000;0.000;0.000;0.000;0.000;0.000;0.000;0.000;0.000;0.000;0.000;0.000;0.000;0.000;0.000;0.000;0.000;0.000;0.000;0.000;0.000;0.000;0.000;0.000;0.000;0.000;0.000;0.000;0.000;0.000;0.000;0.000;0.000;0.000;0.000;0.000;0.000;0.000;0.000;0.000;0.000;0.000;0.000;



0.000;0.000;0.000;0.000;0.000;0.000;0.000;0.000;0.000;0.000;0.000;0.000;0.000;0.000;0.000;0.000;0.000;0.000;0.000;0.000;0.000;0.000;0.000;0.000;0.000;0.000;0.000;0.000;0.000;0.000;0.000;0.000;0.000;0.000;0.000;0.000;0.000;0.000;0.000;0.000;0.000;0.000;0.000;0.000;0.000;0.000;0.000;
0.000;0.000;0.000;0.000;0.000;0.000;0.000;0.000;0.000;0.000;0.000;0.000;0.000;0.000;0.000;0.000;0.000;0.000;0.000;0.000;0.000;0.000;0.000;0.000;0.000;0.000;0.000;0.000;0.000;0.000;0.000;0.000;0.000;0.000;0.000;0.000;0.000;0.000;0.000;0.000;0.000;0.000;0.000;0.000;0.000;0.000;0.000;



1.000;0.000;0.000;0.000;0.000;0.000;0.000;0.000;0.000;0.000;0.000;0.000;0.000;0.000;0.000;0.000;0.000;0.000;0.000;0.000;0.000;0.000;0.000;0.000;0.000;0.000;0.000;0.000;0.000;0.000;0.000;0.000;0.000;0.000;0.000;0.000;0.000;0.000;0.000;0.000;0.000;0.000;0.000;0.000;0.000;
0.000;0.000;0.000;0.000;0.000;0.000;0.000;0.000;0.000;0.000;0.000;0.000;0.000;0.000;0.000;0.000;0.000;0.000;0.000;0.000;0.000;0.000;0.000;0.000;0.000;0.000;0.000;0.000;0.000;0.000;0.000;0.000;0.000;0.000;0.000;0.000;0.000;0.000;0.000;0.000;0.000;0.000;0.000;0.000;0.000;



0.000;0.000;0.000;0.000;0.000;0.000;0.000;0.000;0.000;0.000;0.000;0.000;0.000;0.000;0.000;0.000;0.000;0.000;0.000;0.000;0.000;0.000;0.000;0.000;0.000;0.000;0.000;0.000;0.000;0.000;0.000;0.000;0.000;0.000;0.000;0.000;0.000;0.000;0.000;0.000;0.000;0.000;0.000;
0.000;0.000;0.000;0.000;0.000;0.000;0.000;0.000;0.000;0.000;0.000;0.000;0.000;0.000;0.000;0.000;0.000;0.000;0.000;0.000;0.000;0.000;0.000;0.000;0.000;0.000;0.000;0.000;0.000;0.000;0.000;0.000;0.000;0.000;0.000;0.000;0.000;0.000;0.000;0.000;0.000;0.000;0.000;



0.000;2.000;2.000;0.000;0.000;0.000;0.000;0.000;0.000;0.000;0.000;0.000;0.000;0.000;0.000;0.000;0.000;0.000;0.000;0.000;0.000;0.000;0.000;0.000;0.000;0.000;0.000;0.000;0.000;0.000;0.000;0.000;0.000;0.000;0.000;0.000;0.000;0.000;0.000;
0.000;0.000;2.000;0.000;0.000;0.000;0.000;0.000;0.000;0.000;0.000;0.000;0.000;0.000;0.000;0.000;0.000;0.000;0.000;0.000;0.000;0.000;0.000;0.000;0.000;0.000;0.000;0.000;0.000;0.000;0.000;0.000;0.000;0.000;0.000;0.000;0.000;0.000;0.000;



0.000;0.000;0.000;0.000;0.000;0.000;0.000;0.000;0.000;0.000;0.000;0.000;0.000;0.000;0.000;0.000;0.000;0.000;0.000;0.000;0.000;0.000;0.000;0.000;0.000;0.000;0.000;0.000;0.000;0.000;0.000;0.000;0.000;0.000;0.000;0.000;0.000;0.000;
0.000;0.000;0.000;0.000;0.000;0.000;0.000;0.000;0.000;0.000;0.000;0.000;0.000;0.000;0.000;0.000;0.000;0.000;0.000;0.000;0.000;0.000;0.000;0.000;0.000;0.000;0.000;0.000;0.000;0.000;0.000;0.000;0.000;0.000;0.000;0.000;0.000;0.000;



0.000;2.000;0.000;0.000;0.000;0.000;0.000;0.000;0.000;0.000;0.000;0.000;0.000;0.000;0.000;0.000;0.000;0.000;0.000;0.000;0.000;0.000;0.000;0.000;0.000;0.000;0.000;0.000;0.000;0.000;0.000;0.000;0.000;0.000;0.000;0.000;0.000;0.000;
0.000;1.000;0.000;0.000;0.000;0.000;0.000;0.000;0.000;0.000;0.000;0.000;0.000;0.000;0.000;0.000;0.000;0.000;0.000;0.000;0.000;0.000;0.000;0.000;0.000;0.000;0.000;0.000;0.000;0.000;0.000;0.000;0.000;0.000;0.000;0.000;0.000;0.000;



0.000;0.000;0.000;0.000;0.000;0.000;0.000;0.000;0.000;0.000;0.000;0.000;0.000;0.000;0.000;0.000;0.000;0.000;0.000;0.000;0.000;0.000;0.000;0.000;0.000;0.000;0.000;0.000;0.000;0.000;0.000;0.000;0.000;0.000;0.000;0.000;0.000;0.000;
0.000;0.000;0.000;0.000;0.000;0.000;0.000;0.000;0.000;0.000;0.000;0.000;0.000;0.000;0.000;0.000;0.000;0.000;0.000;0.000;0.000;0.000;0.000;0.000;0.000;0.000;0.000;0.000;0.000;0.000;0.000;0.000;0.000;0.000;0.000;0.000;0.000;0.000;



0.000;2.000;1.000;0.000;0.000;0.000;0.000;0.000;0.000;0.000;0.000;0.000;0.000;0.000;0.000;0.000;0.000;0.000;0.000;0.000;0.000;0.000;0.000;0.000;0.000;0.000;0.000;0.000;0.000;0.000;0.000;0.000;0.000;0.000;0.000;0.000;0.000;
1.000;2.000;1.000;0.000;0.000;0.000;0.000;0.000;0.000;0.000;0.000;0.000;0.000;0.000;0.000;0.000;0.000;0.000;0.000;0.000;0.000;0.000;0.000;0.000;0.000;0.000;0.000;0.000;0.000;0.000;0.000;0.000;0.000;0.000;0.000;0.000;0.000;



0.000;0.000;0.000;0.000;0.000;0.000;0.000;0.000;0.000;0.000;0.000;0.000;0.000;0.000;0.000;0.000;0.000;0.000;0.000;0.000;0.000;0.000;0.000;0.000;0.000;0.000;0.000;0.000;0.000;0.000;0.000;0.000;0.000;0.000;0.000;0.000;0.000;
0.000;0.000;0.000;0.000;0.000;0.000;0.000;0.000;0.000;0.000;0.000;0.000;0.000;0.000;0.000;0.000;0.000;0.000;0.000;0.000;0.000;0.000;0.000;0.000;0.000;0.000;0.000;0.000;0.000;0.000;0.000;0.000;0.000;0.000;0.000;0.000;0.000;



0.000;0.000;0.000;0.000;0.000;0.000;0.000;0.000;0.000;0.000;0.000;0.000;0.000;0.000;0.000;0.000;0.000;0.000;0.000;0.000;0.000;0.000;0.000;0.000;0.000;0.000;0.000;0.000;0.000;0.000;0.000;0.000;0.000;0.000;0.000;0.000;
0.000;0.000;0.000;0.000;0.000;0.000;0.000;0.000;0.000;0.000;0.000;0.000;0.000;0.000;0.000;0.000;0.000;0.000;0.000;0.000;0.000;0.000;0.000;0.000;0.000;0.000;0.000;0.000;0.000;0.000;0.000;0.000;0.000;0.000;0.000;0.000;



2.000;1.000;0.000;0.000;0.000;0.000;0.000;0.000;0.000;0.000;0.000;0.000;0.000;0.000;0.000;0.000;0.000;0.000;0.000;0.000;0.000;0.000;0.000;0.000;0.000;0.000;0.000;0.000;0.000;0.000;0.000;0.000;0.000;0.000;0.000;
1.000;1.000;0.000;0.000;0.000;0.000;0.000;0.000;0.000;0.000;0.000;0.000;0.000;0.000;0.000;0.000;0.000;0.000;0.000;0.000;0.000;0.000;0.000;0.000;0.000;0.000;0.000;0.000;0.000;0.000;0.000;0.000;0.000;0.000;0.000;



0.000;0.000;0.000;0.000;0.000;0.000;0.000;0.000;0.000;0.000;0.000;0.000;0.000;0.000;0.000;0.000;0.000;0.000;0.000;0.000;0.000;0.000;0.000;0.000;0.000;0.000;0.000;0.000;0.000;0.000;0.000;0.000;0.000;0.000;0.000;
0.000;0.000;0.000;0.000;0.000;0.000;0.000;0.000;0.000;0.000;0.000;0.000;0.000;0.000;0.000;0.000;0.000;0.000;0.000;0.000;0.000;0.000;0.000;0.000;0.000;0.000;0.000;0.000;0.000;0.000;0.000;0.000;0.000;0.000;0.000;



0.000;0.000;0.000;0.000;0.000;0.000;0.000;0.000;0.000;0.000;0.000;0.000;0.000;0.000;0.000;0.000;0.000;0.000;0.000;0.000;0.000;0.000;0.000;
0.000;0.000;0.000;0.000;0.000;0.000;0.000;0.000;0.000;0.000;0.000;0.000;0.000;0.000;0.000;0.000;0.000;0.000;0.000;0.000;0.000;0.000;0.000;
0.000;0.000;0.000;0.000;0.000;0.000;0.000;0.000;0.000;0.000;0.000;0.000;0.000;0.000;0.000;0.000;0.000;0.000;0.000;0.000;0.000;0.000;0.000;



0.000;0.000;0.000;0.000;0.000;0.000;0.000;0.000;0.000;0.000;0.000;0.000;0.000;0.000;0.000;0.000;0.000;0.000;0.000;0.000;0.000;0.000;0.000;
0.000;0.000;0.000;0.000;0.000;0.000;0.000;0.000;0.000;0.000;0.000;0.000;0.000;0.000;0.000;0.000;0.000;0.000;0.000;0.000;0.000;0.000;0.000;
0.000;0.000;0.000;0.000;0.000;0.000;0.000;0.000;0.000;0.000;0.000;0.000;0.000;0.000;0.000;0.000;0.000;0.000;0.000;0.000;0.000;0.000;0.000;



0.000;2.000;0.000;0.000;0.000;0.000;0.000;0.000;0.000;0.000;0.000;0.000;0.000;0.000;0.000;0.000;0.000;0.000;0.000;0.000;0.000;0.000;0.000;0.000;0.000;0.000;0.000;0.000;0.000;0.000;0.000;0.000;0.000;0.000;
0.000;2.000;0.000;0.000;0.000;0.000;0.000;0.000;0.000;0.000;0.000;0.000;0.000;0.000;0.000;0.000;0.000;0.000;0.000;0.000;0.000;0.000;0.000;0.000;0.000;0.000;0.000;0.000;0.000;0.000;0.000;0.000;0.000;0.000;



0.000;0.000;0.000;0.000;0.000;0.000;0.000;0.000;0.000;0.000;0.000;0.000;0.000;0.000;0.000;0.000;0.000;0.000;0.000;0.000;0.000;0.000;0.000;0.000;0.000;0.000;0.000;0.000;0.000;0.000;0.000;0.000;0.000;
0.000;0.000;0.000;0.000;0.000;0.000;0.000;0.000;0.000;0.000;0.000;0.000;0.000;0.000;0.000;0.000;0.000;0.000;0.000;0.000;0.000;0.000;0.000;0.000;0.000;0.000;0.000;0.000;0.000;0.000;0.000;0.000;0.000;



0.000;0.000;0.000;0.000;0.000;0.000;0.000;0.000;0.000;0.000;0.000;0.000;0.000;0.000;0.000;0.000;0.000;0.000;0.000;0.000;0.000;0.000;0.000;0.000;0.000;0.000;0.000;0.000;0.000;0.000;0.000;0.000;0.000;
0.000;1.000;2.000;0.000;0.000;0.000;0.000;0.000;0.000;0.000;0.000;0.000;0.000;0.000;0.000;0.000;0.000;0.000;0.000;0.000;0.000;0.000;0.000;0.000;0.000;0.000;0.000;0.000;0.000;0.000;0.000;0.000;0.000;



0.000;0.000;0.000;0.000;0.000;0.000;0.000;0.000;0.000;0.000;0.000;0.000;0.000;0.000;0.000;0.000;0.000;0.000;0.000;0.000;0.000;0.000;0.000;0.000;0.000;0.000;0.000;0.000;0.000;0.000;
0.000;0.000;0.000;0.000;0.000;0.000;0.000;0.000;0.000;0.000;0.000;0.000;0.000;0.000;0.000;0.000;0.000;0.000;0.000;0.000;0.000;0.000;0.000;0.000;0.000;0.000;0.000;0.000;0.000;0.000;



0.000;0.000;0.000;0.000;0.000;0.000;0.000;0.000;0.000;0.000;0.000;0.000;0.000;0.000;0.000;0.000;0.000;0.000;0.000;0.000;0.000;0.000;0.000;0.000;0.000;0.000;0.000;0.000;0.000;
0.000;0.000;0.000;0.000;0.000;0.000;0.000;0.000;0.000;0.000;0.000;0.000;0.000;0.000;0.000;0.000;0.000;0.000;0.000;0.000;0.000;0.000;0.000;0.000;0.000;0.000;0.000;0.000;0.000;



1.000;0.000;0.000;0.000;0.000;0.000;0.000;0.000;0.000;0.000;0.000;0.000;0.000;0.000;0.000;0.000;0.000;0.000;0.000;0.000;0.000;0.000;0.000;
0.000;0.000;0.000;0.000;0.000;0.000;0.000;0.000;0.000;0.000;0.000;0.000;0.000;0.000;0.000;0.000;0.000;0.000;0.000;0.000;0.000;0.000;0.000;



0.000;0.000;0.000;0.000;0.000;0.000;0.000;0.000;0.000;0.000;0.000;0.000;0.000;0.000;0.000;0.000;0.000;0.000;0.000;0.000;0.000;0.000;0.000;0.000;0.000;0.000;0.000;0.000;0.000;0.000;
0.000;1.000;2.000;0.000;0.000;0.000;0.000;0.000;0.000;0.000;0.000;0.000;0.000;0.000;0.000;0.000;0.000;0.000;0.000;0.000;0.000;0.000;0.000;0.000;0.000;0.000;0.000;0.000;0.000;0.000;



0.000;0.000;0.000;0.000;0.000;0.000;0.000;0.000;0.000;0.000;0.000;0.000;0.000;0.000;0.000;
0.000;0.000;0.000;0.000;0.000;0.000;0.000;0.000;0.000;0.000;0.000;0.000;0.000;0.000;0.000;
0.000;0.000;0.000;0.000;0.000;0.000;0.000;0.000;0.000;0.000;0.000;0.000;0.000;0.000;0.000;
0.000;0.000;0.000;0.000;0.000;0.000;0.000;0.000;0.000;0.000;0.000;0.000;0.000;0.000;0.000;



2.000;0.000;0.000;0.000;0.000;0.000;0.000;0.000;0.000;0.000;0.000;0.000;0.000;0.000;0.000;0.000;0.000;0.000;0.000;0.000;0.000;0.000;0.000;0.000;
2.000;0.000;0.000;0.000;0.000;0.000;0.000;0.000;0.000;0.000;0.000;0.000;0.000;0.000;0.000;0.000;0.000;0.000;0.000;0.000;0.000;0.000;0.000;0.000;



0.000;0.000;0.000;0.000;0.000;0.000;0.000;0.000;0.000;0.000;0.000;0.000;0.000;0.000;0.000;0.000;0.000;0.000;0.000;0.000;0.000;0.000;0.000;0.000;
0.000;0.000;0.000;0.000;0.000;0.000;0.000;0.000;0.000;0.000;0.000;0.000;0.000;0.000;0.000;0.000;0.000;0.000;0.000;0.000;0.000;0.000;0.000;0.000;



2.000;0.000;0.000;0.000;0.000;0.000;0.000;0.000;0.000;0.000;0.000;0.000;0.000;0.000;0.000;0.000;0.000;0.000;0.000;0.000;
1.000;0.000;0.000;0.000;0.000;0.000;0.000;0.000;0.000;0.000;0.000;0.000;0.000;0.000;0.000;0.000;0.000;0.000;0.000;0.000;



0.000;0.000;0.000;0.000;0.000;0.000;0.000;0.000;0.000;0.000;0.000;0.000;0.000;0.000;0.000;0.000;0.000;0.000;
0.000;0.000;0.000;0.000;0.000;0.000;0.000;0.000;0.000;0.000;0.000;0.000;0.000;0.000;0.000;0.000;0.000;0.000;



0.000;0.000;0.000;0.000;0.000;0.000;0.000;0.000;0.000;0.000;0.000;0.000;0.000;0.000;0.000;0.000;0.000;
0.000;0.000;0.000;0.000;0.000;0.000;0.000;0.000;0.000;0.000;0.000;0.000;0.000;0.000;0.000;0.000;0.000;



2.000;0.000;0.000;0.000;0.000;0.000;0.000;0.000;0.000;0.000;
0.000;0.000;0.000;0.000;0.000;0.000;0.000;0.000;0.000;0.000;
2.000;0.000;0.000;0.000;0.000;0.000;0.000;0.000;0.000;0.000;



0.000;0.000;0.000;0.000;0.000;0.000;0.000;0.000;0.000;0.000;0.000;0.000;0.000;0.000;
0.000;0.000;0.000;0.000;0.000;0.000;0.000;0.000;0.000;0.000;0.000;0.000;0.000;0.000;



0.000;0.000;0.000;0.000;0.000;0.000;0.000;0.000;0.000;
0.000;0.000;0.000;0.000;0.000;0.000;0.000;0.000;0.000;
0.000;0.000;0.000;0.000;0.000;0.000;0.000;0.000;0.000;



2.000;0.000;0.000;0.000;0.000;0.000;0.000;0.000;0.000;
0.000;0.000;0.000;0.000;0.000;0.000;0.000;0.000;0.000;
1.000;0.000;0.000;0.000;0.000;0.000;0.000;0.000;0.000;



0.000;0.000;0.000;0.000;0.000;0.000;0.000;0.000;0.000;
0.000;0.000;0.000;0.000;0.000;0.000;0.000;0.000;0.000;
0.000;0.000;0.000;0.000;0.000;0.000;0.000;0.000;0.000;



0.000;0.000;0.000;0.000;0.000;0.000;0.000;0.000;0.000;
0.000;0.000;0.000;0.000;0.000;0.000;0.000;0.000;0.000;
0.000;0.000;0.000;0.000;0.000;0.000;0.000;0.000;0.000;



0.000;0.000;0.000;0.000;0.000;0.000;0.000;0.000;0.000;0.000;0.000;0.000;0.000;
0.000;0.000;0.000;0.000;0.000;0.000;0.000;0.000;0.000;0.000;0.000;0.000;0.000;



1.000;0.000;0.000;0.000;0.000;0.000;0.000;0.000;0.000;0.000;0.000;0.000;0.000;
0.000;0.000;0.000;0.000;0.000;0.000;0.000;0.000;0.000;0.000;0.000;0.000;0.000;



0.000;0.000;0.000;0.000;0.000;0.000;0.000;0.000;
0.000;0.000;0.000;0.000;0.000;0.000;0.000;0.000;
0.000;0.000;0.000;0.000;0.000;0.000;0.000;0.000;



0.000;0.000;0.000;0.000;0.000;0.000;0.000;
0.000;0.000;0.000;0.000;0.000;0.000;0.000;
0.000;0.000;0.000;0.000;0.000;0.000;0.000;



0.000;0.000;0.000;0.000;0.000;0.000;0.000;0.000;0.000;
0.000;0.000;0.000;0.000;0.000;0.000;0.000;0.000;0.000;



0.000;0.000;0.000;0.000;0.000;0.000;
0.000;0.000;0.000;0.000;0.000;0.000;
0.000;0.000;0.000;0.000;0.000;0.000;



0.000;0.000;0.000;0.000;0.000;0.000;
0.000;0.000;0.000;0.000;0.000;0.000;
0.000;0.000;0.000;0.000;0.000;0.000;



0.000;0.000;0.000;0.000;0.000;0.000;
0.000;0.000;0.000;0.000;0.000;0.000;
0.000;0.000;0.000;0.000;0.000;0.000;



0.000;0.000;0.000;0.000;0.000;0.000;
0.000;0.000;0.000;0.000;0.000;0.000;



