+----------------------------------+-----------------------+-----------------------+------------------------+-----------------------+-----------------------+-----------------------+-----------------------+------------------------+------------------------+------------------------+------------------------+------------------------+----------------------+
|              Metric              |           P1          |           P2          |           P3           |           P4          |           P5          |           P6          |           P7          |           P8           |           P9           |          P10           |          P11           |          P12           |         P13          |
+----------------------------------+-----------------------+-----------------------+------------------------+-----------------------+-----------------------+-----------------------+-----------------------+------------------------+------------------------+------------------------+------------------------+------------------------+----------------------+
|  Outcome selected for analysis   |          2.0          |          2.0          |          1.0           |          1.0          |          2.0          |          1.0          |          0.0          |          2.0           |          1.0           |          1.0           |          1.0           |          2.0           |         0.0          |
|         Information Gain         |  0.03227516334286819  |  0.047617172006052554 |  0.014801952979208517  |  0.008195725721250888 |  0.01516656656304526  |  0.008195725721250888 | 0.0032073871203786705 |  0.01516656656304526   | 0.0001911973625706833  | 0.0001911973625706833  | 0.0001911973625706833  | 0.0007756377935621283  | 0.26054780759084273  |
|           Chi-squared            |   1.5327467479823662  |   2.6270888606886373  |   0.644336200520396    |  0.32063579062756936  |   0.5878492694180979  |  0.32063579062756936  |  0.14069264069264073  |   0.5878492694180979   |  0.009385396499851184  |  0.009385396499851184  |  0.009385396499851184  |  0.03332478851576522   |  8.647014361300077   |
|            Gini index            |  0.005443099739535218 |  0.009329334224439101 | 0.0021403575746008485  | 0.0010650887573964152 |  0.002087573964497047 | 0.0010650887573964152 | 0.0004733727810649624 |  0.002087573964497047  | 3.1176433161639316e-05 | 3.1176433161639316e-05 | 3.1176433161639316e-05 | 0.00011834319526643489 | 0.02909364140133386  |
|      Difference in Support       |  0.05101256088182518  |  0.07510894642399386  |  0.03178953137845986   |  0.020553576322280075 |  0.026916175339656505 |  0.020553576322280075 |  0.013528138528138528 |  0.026916175339656505  | 0.0038366675801589506  | 0.0038366675801589506  | 0.0038366675801589506  |  0.006408613176108691  | 0.09523809523809523  |
|          Bigger Support          |  0.07228915662650603  |  0.09638554216867472  |  0.05617977528089888   |   0.0449438202247191  |  0.04819277108433736  |   0.0449438202247191  |  0.047619047619047616 |  0.04819277108433736   |  0.04878048780487805   |  0.04878048780487805   |  0.04878048780487805   |  0.04255319148936171   | 0.09523809523809523  |
|            Confidence            |  0.14285714285714285  |   0.1111111111111111  |  0.16666666666666666   |          0.2          |          0.2          |          0.2          |          0.4          |          0.2           |   0.3333333333333333   |   0.3333333333333333   |   0.3333333333333333   |          0.4           |         1.0          |
|          All-Confidence          |  0.021276595744680854 |  0.021276595744680854 |  0.024390243902439025  |  0.024390243902439025 |  0.021276595744680854 |  0.024390243902439025 |  0.047619047619047616 |  0.021276595744680854  |  0.04878048780487805   |  0.04878048780487805   |  0.04878048780487805   |  0.04255319148936171   | 0.09523809523809523  |
|               Lift               |   0.3951367781155015  |   0.3073286052009456  |   0.5284552845528455   |   0.6341463414634146  |   0.5531914893617021  |   0.6341463414634146  |   1.2380952380952381  |   0.5531914893617021   |   1.056910569105691    |   1.056910569105691    |   1.056910569105691    |   1.1063829787234043   |  3.0952380952380953  |
|        Standardised Lift         |          0.0          |          0.0          |          0.0           |          0.0          |          0.0          |          0.0          |  0.25000000000000006  |          0.0           |  0.19999999999999998   |  0.19999999999999998   |  0.19999999999999998   |          0.25          |  1.0000000000000002  |
|       Collective Strength        |   1.016291022655909   |   1.0133008419233946  |   1.0262707938995033   |   1.0257722859664606  |   1.0189255419415644  |   1.0257722859664606  |   1.0483496877787686  |   1.0189255419415644   |   1.0498739070514838   |   1.0498739070514838   |   1.0498739070514838   |   1.0439208294062208   |  1.094809399713451   |
|              Cosine              |  0.055131784641997125 |  0.04862166383263152  |  0.06375767130633384   |  0.06984302957695783  |  0.06523280730534423  |  0.06984302957695783  |  0.13801311186847084  |  0.06523280730534423   |  0.12751534261266767   |  0.12751534261266767   |  0.12751534261266767   |  0.13046561461068845   |  0.3086066999241838  |
|         Interestingness          | 0.0030393338249312066 | 0.0023639263082798276 |  0.004064800115456776  |  0.004877760138548132 |  0.004255067354903689 |  0.004877760138548132 |  0.01904536489151874  |  0.004255067354903689  |  0.01625823832202819   |  0.01625823832202819   |  0.01625823832202819   |  0.017019262243484833  | 0.09521555367709214  |
|        Comprehensibility         |  0.43067655807339306  |          0.5          |  0.43067655807339306   |  0.43067655807339306  |  0.43067655807339306  |  0.43067655807339306  |  0.43067655807339306  |  0.43067655807339306   |          0.5           |          0.5           |          0.5           |          0.5           |         0.5          |
|           Completeness           |  0.021276595744680854 |  0.021276595744680854 |  0.024390243902439025  |  0.024390243902439025 |  0.021276595744680854 |  0.024390243902439025 |  0.047619047619047616 |  0.021276595744680854  |  0.04878048780487805   |  0.04878048780487805   |  0.04878048780487805   |  0.04255319148936171   | 0.09523809523809523  |
|           Added Value            |  -0.21868131868131868 |  -0.2504273504273504  |  -0.14871794871794872  |  -0.11538461538461536 |  -0.16153846153846152 |  -0.11538461538461536 |  0.07692307692307693  |  -0.16153846153846152  |  0.01794871794871794   |  0.01794871794871794   |  0.01794871794871794   |  0.03846153846153849   |  0.676923076923077   |
|        Casual Confidence         |  0.07549361207897792  |  0.05968778696051423  |  0.08736559139784945   |  0.10400000000000001  |  0.10400000000000001  |  0.10400000000000001  |  0.20800000000000002  |  0.10400000000000001   |   0.1747311827956989   |   0.1747311827956989   |   0.1747311827956989   |  0.20800000000000002   |  0.5158730158730159  |
|          Casual Support          |          0.6          |   0.5846153846153845  |   0.6538461538461539   |   0.6615384615384615  |   0.6153846153846153  |   0.6615384615384615  |   0.6692307692307693  |   0.6153846153846153   |   0.6692307692307693   |   0.6692307692307693   |   0.6692307692307693   |   0.6307692307692307   |  0.7076923076923077  |
|         Certainty Factor         |   -0.342512908777969  |  -0.39223560910307903 |  -0.21722846441947566  |  -0.1685393258426966  |  -0.25301204819277107 |  -0.1685393258426966  |  0.11363636363636363  |  -0.25301204819277107  |  0.026217228464419463  |  0.026217228464419463  |  0.026217228464419463  |  0.060240963855421735  |         1.0          |
|            Conviction            |   0.7448717948717949  |   0.7182692307692307  |   0.8215384615384616   |   0.8557692307692308  |   0.798076923076923   |   0.8557692307692308  |   1.1282051282051282  |   0.798076923076923    |   1.026923076923077    |   1.026923076923077    |   1.026923076923077    |   1.0641025641025639   |         inf          |
|        Coverage (Support)        |  0.05384615384615385  |  0.06923076923076923  |  0.046153846153846156  |  0.038461538461538464 |  0.038461538461538464 |  0.038461538461538464 |  0.038461538461538464 |  0.038461538461538464  |  0.046153846153846156  |  0.046153846153846156  |  0.046153846153846156  |  0.038461538461538464  | 0.03076923076923077  |
| Descriptive Confirmed Confidence |  -0.7142857142857142  |  -0.7777777777777777  |  -0.6666666666666667   |  -0.6000000000000001  |  -0.6000000000000001  |  -0.6000000000000001  |  -0.19999999999999996 |  -0.6000000000000001   |  -0.3333333333333333   |  -0.3333333333333333   |  -0.3333333333333333   |  -0.19999999999999996  |         1.0          |
|    Difference of Proportions     |  -0.23112659698025556 |  -0.26905417814508725 |  -0.1559139784946237   |         -0.12         |  -0.16799999999999998 |         -0.12         |  0.08000000000000002  |  -0.16799999999999998  |  0.018817204301075252  |  0.018817204301075252  |  0.018817204301075252  |  0.040000000000000036  |  0.6984126984126984  |
|   Example and Counter Example    |          -5.0         |          -7.0         |          -4.0          |          -3.0         |          -3.0         |          -3.0         |          -0.5         |          -3.0          |          -1.0          |          -1.0          |          -1.0          |          -0.5          |         1.0          |
|         Imbalance Ratio          |   0.7547169811320754  |   0.6909090909090909  |   0.7608695652173914   |          0.8          |   0.8235294117647058  |          0.8          |   0.8222222222222222  |   0.8235294117647058   |   0.7777777777777778   |   0.7777777777777778   |   0.7777777777777778   |   0.8400000000000001   |  0.9047619047619048  |
|  Fisher's Exact Test (p-value)   |    0.96069657719548   |   0.985070671065856   |   0.902554613365637    |   0.8549919841750551  |   0.8985675901648251  |   0.8549919841750551  |   0.5209847567131032  |   0.8985675901648251   |   0.6171788382221453   |   0.6171788382221453   |   0.6171788382221453   |   0.5968382697690516   | 0.009853964475370791 |
|         Hyper Confidence         |  0.03930342280452004  |  0.014929328934144004 |  0.09744538663436297   |  0.14500801582494494  |  0.10143240983517487  |  0.14500801582494494  |   0.4790152432868968  |  0.10143240983517487   |  0.38282116177785475   |  0.38282116177785475   |  0.38282116177785475   |  0.40316173023094837   |  0.9901460355246292  |
|            Hyper Lift            |          0.2          |  0.16666666666666666  |          0.25          |   0.3333333333333333  |          0.25         |   0.3333333333333333  |   0.6666666666666666  |          0.25          |          0.5           |          0.5           |          0.5           |          0.5           |  1.3333333333333333  |
|   Laplace Corrected Confidence   |          0.2          |  0.16666666666666666  |   0.2222222222222222   |          0.25         |          0.25         |          0.25         |         0.375         |          0.25          |   0.3333333333333333   |   0.3333333333333333   |   0.3333333333333333   |         0.375          |  0.7142857142857143  |
|            Importance            |  -0.5440680443502756  |  -0.6532125137753436  |  -0.47712125471966244  |  -0.39794000867203755 |  -0.39794000867203755 |  -0.39794000867203755 |  -0.12493873660829993 |  -0.39794000867203755  |  -0.22184874961635637  |  -0.22184874961635637  |  -0.22184874961635637  |  -0.12493873660829993  |  0.6989700043360187  |
|       Jaccard Coefficient        |  0.01886792452830189  |  0.01818181818181818  |  0.02173913043478261   |  0.022222222222222223 |   0.0196078431372549  |  0.022222222222222223 |  0.04444444444444444  |   0.0196078431372549   |  0.044444444444444446  |  0.044444444444444446  |  0.044444444444444446  |          0.04          | 0.09523809523809523  |
|            J-Measure             | 0.0028019867396750805 |  0.004902345267683438 |  0.001152836486730412  | 0.0005597140143580974 | 0.0010361267517378977 | 0.0005597140143580974 | 0.0002180299853440969 | 0.0010361267517378977  | 1.4806370460373173e-05 | 1.4806370460373173e-05 | 1.4806370460373173e-05 | 5.277309493371507e-05  | 0.015098278827967269 |
|              Kappa               |  -0.06255894372838733 |  -0.09107864470003102 |  -0.04129583481666038  | -0.026929982046678774 |  -0.03338632750397467 | -0.026929982046678774 |  0.01757469244288202  |  -0.03338632750397467  |  0.004983980064080249  |  0.004983980064080249  |  0.004983980064080249  |  0.007949125596184459  | 0.12473423104181429  |
|             Klosgen              |  -0.01917962042220866 | -0.021963931594611928 | -0.013043426953796844  | -0.010119900222773412 | -0.014167860311882777 | -0.010119900222773412 |  0.009541133429939112 | -0.014167860311882777  | 0.0022262644669857915  | 0.0022262644669857915  | 0.0022262644669857915  |  0.00477056671496956   | 0.11874016261387473  |
|            Kulczynski            |  0.08206686930091185  |  0.06619385342789598  |  0.09552845528455284   |  0.11219512195121951  |  0.11063829787234043  |  0.11219512195121951  |  0.22380952380952382  |  0.11063829787234043   |  0.19105691056910568   |  0.19105691056910568   |  0.19105691056910568   |  0.22127659574468087   |  0.5476190476190477  |
|     Goodman-Kruskal's Lambda     |   0.3565891472868218  |   0.3565891472868218  |  0.31007751937984496   |  0.31007751937984496  |   0.3565891472868218  |  0.31007751937984496  |         0.3125        |   0.3565891472868218   |  0.30468750000000006   |  0.30468750000000006   |  0.30468750000000006   |   0.3515625000000001   | 0.30158730158730157  |
|       Least Contradiction        |  -0.10638297872340427 |  -0.14893617021276598 |  -0.0975609756097561   |  -0.07317073170731708 |  -0.06382978723404256 |  -0.07317073170731708 | -0.023809523809523808 |  -0.06382978723404256  |  -0.04878048780487805  |  -0.04878048780487805  |  -0.04878048780487805  | -0.021276595744680854  | 0.09523809523809523  |
|        Lerman Similarity         |  -0.9622400993955366  |  -1.2494697911702786  |  -0.6486624521741163   |  -0.45942291887376663 |  -0.6007360460751542  |  -0.45942291887376663 |   0.3026137663344012  |  -0.6007360460751542   |   0.0782868476761865   |   0.0782868476761865   |   0.0782868476761865   |  0.14303239192265574   |  2.381860632627374   |
|        Piatetsky-Shapiro         | -0.011775147928994083 | -0.017337278106508876 | -0.0068639053254437865 | -0.004437869822485207 |  -0.00621301775147929 | -0.004437869822485207 | 0.0029585798816568042 |  -0.00621301775147929  | 0.0008284023668639062  | 0.0008284023668639062  | 0.0008284023668639062  |  0.001479289940828403  | 0.020828402366863907 |
|          Max Confidence          |  0.14285714285714285  |   0.1111111111111111  |  0.16666666666666666   |          0.2          |          0.2          |          0.2          |          0.4          |          0.2           |   0.3333333333333333   |   0.3333333333333333   |   0.3333333333333333   |          0.4           |         1.0          |
|            Odds Ratio            |  0.27898550724637683  |  0.20380434782608695  |          0.42          |   0.5312499999999999  |   0.4293478260869565  |   0.5312499999999999  |   1.4166666666666665  |   0.4293478260869565   |   1.0897435897435896   |   1.0897435897435896   |   1.0897435897435896   |   1.1851851851851856   |         inf          |
|   Phi Correlation Coefficient    |  0.10858342230683446  |  0.14215616712422666  |  0.07040193400536206   |  0.04966315695436216  |  0.06724520397070925  |  0.04966315695436216  |  0.03289758474798845  |  0.06724520397070925   |  0.008496785138578176  |  0.008496785138578176  |  0.008496785138578176  |  0.016010762850168878  |  0.2579059810995543  |
|          Ralambondrainy          |  0.046153846153846156 |  0.06153846153846154  |  0.038461538461538464  |  0.03076923076923077  |  0.03076923076923077  |  0.03076923076923077  |  0.023076923076923078 |  0.03076923076923077   |  0.03076923076923077   |  0.03076923076923077   |  0.03076923076923077   |  0.023076923076923078  |         0.0          |
| Relative Linkage Disequilibrium  |   0.9999613466816126  |   0.9999737470793626  |   0.9999336913997745   |   0.9998974464157522  |   0.9999267452933851  |   0.9998974464157522  |   0.9995386744579425  |   0.9999267452933851   |   0.9978070175438597   |   0.9978070175438597   |   0.9978070175438597   |   0.9990777743621272   |         1.0          |
|          Relative Risk           |   0.3819875776397515  |  0.29227053140096615  |   0.5166666666666666   |         0.625         |   0.5434782608695653  |         0.625         |          1.25         |   0.5434782608695653   |   1.0598290598290598   |   1.0598290598290598   |   1.0598290598290598   |   1.1111111111111112   |   3.31578947368421   |
|        Rule Power Factor         |  0.001098901098901099 | 0.0008547008547008547 |  0.001282051282051282  | 0.0015384615384615385 | 0.0015384615384615385 | 0.0015384615384615385 |  0.006153846153846154 | 0.0015384615384615385  |  0.005128205128205128  |  0.005128205128205128  |  0.005128205128205128  |  0.006153846153846154  | 0.03076923076923077  |
|         Sebag-Schoenauer         |  0.16666666666666666  |         0.125         |          0.2           |          0.25         |          0.25         |          0.25         |   0.6666666666666666  |          0.25          |          0.5           |          0.5           |          0.5           |   0.6666666666666666   |         inf          |
|              Yule Q              |  -0.5637393767705382  |  -0.6613995485327313  |  -0.4084507042253521   |  -0.3061224489795919  |  -0.3992395437262357  |  -0.3061224489795919  |  0.17241379310344826  |  -0.3992395437262357   |  0.04294478527607358   |  0.04294478527607358   |  0.04294478527607358   |  0.08474576271186453   |         1.0          |
|              Yule Y              |  -0.30873711403884047 |  -0.37793530881664517 |  -0.21353769020418611  |  -0.15682565608250645 |  -0.20827933362262324 |  -0.15682565608250645 |  0.08685725716571996  |  -0.20827933362262324  |  0.021482301917391644  |  0.021482301917391644  |  0.021482301917391644  |  0.042449234640745195  |         1.0          |
|         Weighted Support         |  0.05384615384615385  |  0.06923076923076923  |  0.046153846153846156  |  0.038461538461538464 |  0.038461538461538464 |  0.038461538461538464 |  0.038461538461538464 |  0.038461538461538464  |  0.046153846153846156  |  0.046153846153846156  |  0.046153846153846156  |  0.038461538461538464  | 0.03076923076923077  |
|      Weighted Rule Support       |  0.007692307692307693 |  0.007692307692307693 |  0.007692307692307693  |  0.007692307692307693 |  0.007692307692307693 |  0.007692307692307693 |  0.015384615384615385 |  0.007692307692307693  |  0.015384615384615385  |  0.015384615384615385  |  0.015384615384615385  |  0.015384615384615385  | 0.03076923076923077  |
|       Weighted Confidence        |  0.14285714285714285  |   0.1111111111111111  |  0.16666666666666666   |          0.2          |          0.2          |          0.2          |          0.4          |          0.2           |   0.3333333333333333   |   0.3333333333333333   |   0.3333333333333333   |          0.4           |         1.0          |
|          Weighted Lift           |   0.3951367781155015  |   0.3073286052009456  |   0.5284552845528455   |   0.6341463414634146  |   0.5531914893617021  |   0.6341463414634146  |   1.2380952380952381  |   0.5531914893617021   |   1.056910569105691    |   1.056910569105691    |   1.056910569105691    |   1.1063829787234043   |  3.0952380952380953  |
|     Statistical Significance     |  1.60713791069296e-07 |  0.023076245784788632 |  0.06890486505428878   |  0.11866978591830467  |  0.025978395286933832 |  0.09147469507830519  |   0.1150786234923115  | 6.0219999468165166e-05 |  0.03134304071766623   |  0.06763447560919135   |   0.1333518402241746   |  0.05112825412446254   | 0.16472320831184079  |
|           FleBiC Score           | 5.316299368769645e-08 |  0.010526068077198478 |  0.015080257291362694  |  0.021135553836194608 |  0.005502292759242598 |  0.016292001603575707 |  0.01791139297839505  | 1.2754754994506304e-05 |  0.003965591970601536  |  0.008557265896045626  |  0.016871974599447895  |  0.006629605998334988  |  0.2002322089502829  |
+----------------------------------+-----------------------+-----------------------+------------------------+-----------------------+-----------------------+-----------------------+-----------------------+------------------------+------------------------+------------------------+------------------------+------------------------+----------------------+
+----------------------------------+------------------------+------------------------+-----------------------+------------------------+-----------------------+------------------------+------------------------+------------------------+------------------------+------------------------+------------------------+------------------------+------------------------+
|              Metric              |           P1           |           P2           |           P3          |           P4           |           P5          |           P6           |           P7           |           P8           |           P9           |          P10           |          P11           |          P12           |          P13           |
+----------------------------------+------------------------+------------------------+-----------------------+------------------------+-----------------------+------------------------+------------------------+------------------------+------------------------+------------------------+------------------------+------------------------+------------------------+
|  Outcome selected for analysis   |          1.0           |          4.0           |          4.0          |          4.0           |          3.0          |          4.0           |          4.0           |          1.0           |          4.0           |          3.0           |          4.0           |          4.0           |          1.0           |
|         Information Gain         |  0.001670551377408869  |  0.003034223851316267  |  0.023186898640322764 |  0.001266506403991642  |          0.0          |  0.001266506403991642  |  0.001266506403991642  | 0.0001890851838156323  | 2.491558064408621e-05  | 0.0009375030697596478  | 2.491558064408621e-05  |  0.001266506403991642  | 0.0030361764579998726  |
|           Chi-squared            |  0.08570186780034912   |  0.18154057353390135   |   1.3706741451636388  |  0.056793359545653156  |          0.0          |  0.056793359545653156  |  0.056793359545653156  |  0.008176100628930802  | 0.0012213625708742632  |  0.04368279569892474   | 0.0012213625708742632  |  0.056793359545653156  |  0.11720699810322448   |
|            Gini index            | 0.00019847569566155965 | 0.00037828527339001106 | 0.0028561430298402746 | 0.00011834319526604631 |          0.0          | 0.00011834319526604631 | 0.00011834319526604631 | 1.8934911242607377e-05 | 2.545014952004543e-06  | 0.00010752688172022129 | 2.545014952004543e-06  | 0.00011834319526604631 | 0.00027143796374573537 |
|      Difference in Support       |  0.014937106918238997  |  0.025775447793796424  |  0.05854084753167321  |  0.010921799912625596  |          0.0          |  0.010921799912625596  |  0.010921799912625596  |  0.003930817610062885  |  0.001747487986020091  |  0.009615384615384616  |  0.001747487986020091  |  0.010921799912625596  |  0.013364779874213834  |
|          Bigger Support          |  0.05660377358490566   |  0.07339449541284404   |  0.09523809523809523  |  0.047619047619047616  |  0.038461538461538464 |  0.047619047619047616  |  0.047619047619047616  |  0.041666666666666664  |  0.047619047619047616  |  0.04807692307692308   |  0.047619047619047616  |  0.047619047619047616  |  0.041666666666666664  |
|            Confidence            |  0.14285714285714285   |   0.1111111111111111   |   0.3333333333333333  |          0.2           |          0.2          |          0.2           |          0.2           |          0.2           |  0.16666666666666666   |  0.16666666666666666   |  0.16666666666666666   |          0.2           |          0.25          |
|          All-Confidence          |  0.041666666666666664  |  0.047619047619047616  |  0.09523809523809523  |  0.047619047619047616  |  0.038461538461538464 |  0.047619047619047616  |  0.047619047619047616  |  0.041666666666666664  |  0.047619047619047616  |  0.038461538461538464  |  0.047619047619047616  |  0.047619047619047616  |  0.041666666666666664  |
|               Lift               |   0.7738095238095238   |   0.6878306878306878   |   2.0634920634920633  |   1.2380952380952381   |          1.0          |   1.2380952380952381   |   1.2380952380952381   |   1.0833333333333333   |   1.0317460317460316   |   0.8333333333333333   |   1.0317460317460316   |   1.2380952380952381   |   1.3541666666666665   |
|        Standardised Lift         |          0.0           |          0.0           |          0.2          |          0.0           |          0.0          |          0.0           |          0.0           |          0.0           |          0.0           |          0.0           |          0.0           |          0.0           |          0.0           |
|       Collective Strength        |   1.0502678629694067   |   1.0641808618812927   |   1.0680606854543135  |   1.0434085943190092   |   1.0396039603960396  |   1.0434085943190092   |   1.0434085943190092   |   1.0411667913238594   |   1.0485407966857572   |   1.0437283125562264   |   1.0485407966857572   |   1.0434085943190092   |   1.0366547253255547   |
|              Cosine              |  0.07715167498104596   |  0.07273929674533079   |   0.1781741612749496  |  0.09759000729485331   |  0.08770580193070293  |  0.09759000729485331   |  0.09759000729485331   |  0.09128709291752768   |   0.0890870806374748   |  0.08006407690254357   |   0.0890870806374748   |  0.09759000729485331   |  0.10206207261596574   |
|         Interestingness          |  0.005952028740490278  | 0.0052906922137691366  |   0.0317422748191979  |  0.009523245984784448  |  0.007691852526172053 |  0.009523245984784448  |  0.009523245984784448  |  0.00833284023668639   |  0.007936038320653704  |  0.006409877105143377  |  0.007936038320653704  |  0.009523245984784448  |  0.010416050295857987  |
|        Comprehensibility         |  0.43067655807339306   |          0.5           |  0.43067655807339306  |  0.43067655807339306   |  0.43067655807339306  |  0.43067655807339306   |  0.43067655807339306   |  0.43067655807339306   |          0.5           |          0.5           |          0.5           |          0.5           |          0.5           |
|           Completeness           |  0.041666666666666664  |  0.047619047619047616  |  0.09523809523809523  |  0.047619047619047616  |  0.038461538461538464 |  0.047619047619047616  |  0.047619047619047616  |  0.041666666666666664  |  0.047619047619047616  |  0.038461538461538464  |  0.047619047619047616  |  0.047619047619047616  |  0.041666666666666664  |
|           Added Value            | -0.041758241758241776  |  -0.05042735042735044  |  0.17179487179487177  |  0.038461538461538464  |          0.0          |  0.038461538461538464  |  0.038461538461538464  |  0.015384615384615385  |  0.00512820512820511   | -0.033333333333333354  |  0.00512820512820511   |  0.038461538461538464  |  0.06538461538461537   |
|        Casual Confidence         |  0.07549361207897792   |  0.05968778696051423   |   0.1747311827956989  |  0.10400000000000001   |  0.10400000000000001  |  0.10400000000000001   |  0.10400000000000001   |  0.10400000000000001   |  0.08736559139784945   |  0.08736559139784945   |  0.08736559139784945   |  0.10400000000000001   |  0.12896825396825398   |
|          Casual Support          |   0.7769230769230769   |   0.7846153846153846   |   0.823076923076923   |   0.8153846153846154   |   0.7769230769230769  |   0.8153846153846154   |   0.8153846153846154   |   0.7923076923076923   |   0.8076923076923077   |   0.7692307692307692   |   0.8076923076923077   |   0.8153846153846154   |   0.7999999999999999   |
|         Certainty Factor         |  -0.05121293800539086  | -0.060142711518858326  |  0.20489296636085624  |  0.045871559633027525  |          0.0          |  0.045871559633027525  |  0.045871559633027525  |  0.01886792452830189   |  0.006116207951070315  |  -0.04166666666666669  |  0.006116207951070315  |  0.045871559633027525  |   0.080188679245283    |
|            Conviction            |   0.9512820512820512   |   0.9432692307692309   |   1.2576923076923077  |   1.0480769230769231   |          1.0          |   1.0480769230769231   |   1.0480769230769231   |   1.0192307692307694   |   1.0061538461538462   |   0.9600000000000001   |   1.0061538461538462   |   1.0480769230769231   |   1.0871794871794873   |
|        Coverage (Support)        |  0.05384615384615385   |  0.06923076923076923   |  0.046153846153846156 |  0.038461538461538464  |  0.038461538461538464 |  0.038461538461538464  |  0.038461538461538464  |  0.038461538461538464  |  0.046153846153846156  |  0.046153846153846156  |  0.046153846153846156  |  0.038461538461538464  |  0.03076923076923077   |
| Descriptive Confirmed Confidence |  -0.7142857142857142   |  -0.7777777777777777   |  -0.3333333333333333  |  -0.6000000000000001   |  -0.6000000000000001  |  -0.6000000000000001   |  -0.6000000000000001   |  -0.6000000000000001   |  -0.6666666666666667   |  -0.6666666666666667   |  -0.6666666666666667   |  -0.6000000000000001   |          -0.5          |
|    Difference of Proportions     | -0.044134727061556356  |  -0.05417814508723601  |  0.18010752688172038  |  0.04000000000000001   |          0.0          |  0.04000000000000001   |  0.04000000000000001   |  0.016000000000000014  |  0.005376344086021473  |  -0.03494623655913981  |  0.005376344086021473  |  0.04000000000000001   |  0.06746031746031744   |
|   Example and Counter Example    |          -5.0          |          -7.0          |          -1.0         |          -3.0          |          -3.0         |          -3.0          |          -3.0          |          -3.0          |          -4.0          |          -4.0          |          -4.0          |          -3.0          |          -2.0          |
|         Imbalance Ratio          |   0.5666666666666668   |  0.41379310344827586   |          0.6          |          0.64          |          0.7          |          0.64          |          0.64          |   0.6785714285714286   |   0.5769230769230769   |   0.6451612903225806   |   0.5769230769230769   |          0.64          |   0.7407407407407408   |
|  Fisher's Exact Test (p-value)   |   0.7693049492688133   |   0.8063545190715675   |   0.2490176672347978  |   0.5918574278449988   |   0.6787265690625881  |   0.5918574278449988   |   0.5918574278449988   |   0.6459630409570897   |   0.660425379967039    |   0.7455514426975698   |   0.660425379967039    |   0.5918574278449988   |   0.5626602270646401   |
|         Hyper Confidence         |  0.23069505073118668   |  0.19364548092843248   |   0.7509823327652022  |  0.40814257215500116   |   0.3212734309374119  |  0.40814257215500116   |  0.40814257215500116   |   0.3540369590429103   |   0.339574620032961    |   0.2544485573024302   |   0.339574620032961    |  0.40814257215500116   |  0.43733977293535986   |
|            Hyper Lift            |   0.3333333333333333   |   0.3333333333333333   |   0.6666666666666666  |          0.5           |   0.3333333333333333  |          0.5           |          0.5           |          0.5           |   0.3333333333333333   |   0.3333333333333333   |   0.3333333333333333   |          0.5           |          0.5           |
|   Laplace Corrected Confidence   |  0.16666666666666666   |  0.14285714285714285   |   0.2727272727272727  |          0.2           |          0.2          |          0.2           |          0.2           |          0.2           |  0.18181818181818182   |  0.18181818181818182   |  0.18181818181818182   |          0.2           |   0.2222222222222222   |
|            Importance            |  -0.5440680443502756   |  -0.6532125137753436   |  -0.22184874961635637 |  -0.39794000867203755  |  -0.39794000867203755 |  -0.39794000867203755  |  -0.39794000867203755  |  -0.39794000867203755  |  -0.4771212547196623   |  -0.4771212547196623   |  -0.4771212547196623   |  -0.39794000867203755  |  -0.30102999566398114  |
|       Jaccard Coefficient        |  0.03333333333333333   |  0.034482758620689655  |          0.08         |          0.04          |  0.03333333333333333  |          0.04          |          0.04          |  0.03571428571428571   |  0.038461538461538464  |  0.03225806451612903   |  0.038461538461538464  |          0.04          |  0.037037037037037035  |
|            J-Measure             | 0.00014444811576687356 |   0.0003107400268019   | 0.0017762152842202882 | 8.601091284250544e-05  |          0.0          | 8.601091284250544e-05  | 8.601091284250544e-05  | 1.2861556886558268e-05 | 1.9296060170424036e-06 |  7.27891442656402e-05  | 1.9296060170424036e-06 | 8.601091284250544e-05  | 0.00017514131206590748 |
|              Kappa               |  -0.0205739036275039   | -0.033503691084610994  |  0.08225905463474542  |  0.015772870662460064  |          0.0          |  0.015772870662460064  |  0.015772870662460064  |  0.005665722379603216  |  0.002455494168201846  | -0.013513513513514054  |  0.002455494168201846  |  0.015772870662460064  |  0.019721577726217465  |
|             Klosgen              | -0.003662440080622761  | -0.004422771208471345  |  0.021308531326864014 |  0.003373300074257805  |          0.0          |  0.003373300074257805  |  0.003373300074257805  |  0.001349320029703122  | 0.00044977334323437234 | -0.0029235267310234324 | 0.00044977334323437234 |  0.003373300074257805  |  0.005734610126238267  |
|            Kulczynski            |  0.09226190476190475   |  0.07936507936507936   |  0.21428571428571427  |  0.12380952380952381   |  0.11923076923076924  |  0.12380952380952381   |  0.12380952380952381   |  0.12083333333333333   |  0.10714285714285714   |  0.10256410256410256   |  0.10714285714285714   |  0.12380952380952381   |  0.14583333333333334   |
|     Goodman-Kruskal's Lambda     |   0.1782945736434109   |  0.15503875968992248   |  0.14843750000000003  |  0.15503875968992248   |  0.19379844961240308  |  0.15503875968992248   |  0.15503875968992248   |   0.1782945736434109   |  0.15503875968992248   |  0.19379844961240308   |  0.15503875968992248   |  0.15503875968992248   |   0.1782945736434109   |
|       Least Contradiction        |  -0.20833333333333334  |  -0.3333333333333333   |  -0.09523809523809523 |  -0.14285714285714285  |  -0.11538461538461539 |  -0.14285714285714285  |  -0.14285714285714285  |         -0.125         |  -0.19047619047619047  |  -0.15384615384615385  |  -0.19047619047619047  |  -0.14285714285714285  |  -0.08333333333333333  |
|        Lerman Similarity         |  -0.2571326819313643   |  -0.37639984282255173  |   1.0470028157626396  |  0.21398024625545642   |          0.0          |  0.21398024625545642   |  0.21398024625545642   |  0.08006407690254351   |  0.03125381539589969   |  -0.18257418583505533  |  0.03125381539589969   |  0.21398024625545642   |   0.3043488214667589   |
|        Piatetsky-Shapiro         | -0.0022485207100591716 | -0.003491124260355031  |  0.007928994082840236 | 0.0014792899408284021  |          0.0          | 0.0014792899408284021  | 0.0014792899408284021  | 0.0005917159763313608  | 0.00023668639053254364 | -0.001538461538461539  | 0.00023668639053254364 | 0.0014792899408284021  |  0.002011834319526627  |
|          Max Confidence          |  0.14285714285714285   |   0.1111111111111111   |   0.3333333333333333  |          0.2           |          0.2          |          0.2           |          0.2           |          0.2           |  0.16666666666666666   |  0.16666666666666666   |  0.16666666666666666   |          0.2           |          0.25          |
|            Odds Ratio            |   0.7246376811594203   |        0.63125         |   2.763157894736842   |   1.3124999999999998   |          1.0          |   1.3124999999999998   |   1.3124999999999998   |   1.108695652173913    |          1.04          |   0.7919999999999999   |          1.04          |   1.3124999999999998   |   1.4927536231884058   |
|   Phi Correlation Coefficient    |  0.025675769451484066  |  0.03736931830072338   |  0.10268226366071957  |  0.02090148311735376   |          0.0          |  0.02090148311735376   |  0.02090148311735376   |  0.007930515857181433  |  0.003065142198827453  |  0.018330889377669163  |  0.003065142198827453  |  0.02090148311735376   |  0.030026526490783557  |
|          Ralambondrainy          |  0.046153846153846156  |  0.06153846153846154   |  0.03076923076923077  |  0.03076923076923077   |  0.03076923076923077  |  0.03076923076923077   |  0.03076923076923077   |  0.03076923076923077   |  0.038461538461538464  |  0.038461538461538464  |  0.038461538461538464  |  0.03076923076923077   |  0.023076923076923078  |
| Relative Linkage Disequilibrium  |   0.9997976118194697   |   0.9998696388997523   |   0.9997704315886133  |   0.9987707437000615   |          -0.0         |   0.9987707437000615   |   0.9987707437000615   |   0.9969325153374233   |   0.9904761904761905   |   0.9997042295178941   |   0.9904761904761905   |   0.9987707437000615   |   0.9993217273343885   |
|          Relative Risk           |   0.763975155279503    |   0.6722222222222222   |   2.1754385964912277  |          1.25          |          1.0          |          1.25          |          1.25          |   1.0869565217391306   |   1.0333333333333332   |   0.8266666666666665   |   1.0333333333333332   |          1.25          |   1.3695652173913042   |
|        Rule Power Factor         |  0.001098901098901099  | 0.0008547008547008547  |  0.005128205128205128 | 0.0015384615384615385  | 0.0015384615384615385 | 0.0015384615384615385  | 0.0015384615384615385  | 0.0015384615384615385  |  0.001282051282051282  |  0.001282051282051282  |  0.001282051282051282  | 0.0015384615384615385  | 0.0019230769230769232  |
|         Sebag-Schoenauer         |  0.16666666666666666   |         0.125          |          0.5          |          0.25          |          0.25         |          0.25          |          0.25          |          0.25          |          0.2           |          0.2           |          0.2           |          0.25          |   0.3333333333333333   |
|              Yule Q              |  -0.15966386554621848  |  -0.22605363984674334  |  0.46853146853146843  |   0.1351351351351351   |          0.0          |   0.1351351351351351   |   0.1351351351351351   |  0.05154639175257731   |  0.019607843137254912  |  -0.1160714285714286   |  0.019607843137254912  |   0.1351351351351351   |  0.19767441860465115   |
|              Yule Y              |  -0.08034730291014178  |  -0.11450885909947031  |  0.24876278240552158  |  0.06787888807065598   |          0.0          |  0.06787888807065598   |  0.06787888807065598   |  0.02579033870026475   |  0.009804864072151705  | -0.058232514889619676  |  0.009804864072151705  |  0.06787888807065598   |  0.09982206724923531   |
|         Weighted Support         |  0.05384615384615385   |  0.06923076923076923   |  0.046153846153846156 |  0.038461538461538464  |  0.038461538461538464 |  0.038461538461538464  |  0.038461538461538464  |  0.038461538461538464  |  0.046153846153846156  |  0.046153846153846156  |  0.046153846153846156  |  0.038461538461538464  |  0.03076923076923077   |
|      Weighted Rule Support       |  0.007692307692307693  |  0.007692307692307693  |  0.015384615384615385 |  0.007692307692307693  |  0.007692307692307693 |  0.007692307692307693  |  0.007692307692307693  |  0.007692307692307693  |  0.007692307692307693  |  0.007692307692307693  |  0.007692307692307693  |  0.007692307692307693  |  0.007692307692307693  |
|       Weighted Confidence        |  0.14285714285714285   |   0.1111111111111111   |   0.3333333333333333  |          0.2           |          0.2          |          0.2           |          0.2           |          0.2           |  0.16666666666666666   |  0.16666666666666666   |  0.16666666666666666   |          0.2           |          0.25          |
|          Weighted Lift           |   0.7738095238095238   |   0.6878306878306878   |   2.0634920634920633  |   1.2380952380952381   |          1.0          |   1.2380952380952381   |   1.2380952380952381   |   1.0833333333333333   |   1.0317460317460316   |   0.8333333333333333   |   1.0317460317460316   |   1.2380952380952381   |   1.3541666666666665   |
|     Statistical Significance     |  1.60713791069296e-07  |  0.023076245784788632  |  0.06890486505428878  |  0.11866978591830467   |  0.025978395286933832 |  0.09147469507830519   |   0.1150786234923115   | 6.0219999468165166e-05 |  0.03134304071766623   |  0.06763447560919135   |   0.1333518402241746   |  0.05112825412446254   |  0.16472320831184079   |
|           FleBiC Score           | 2.384729973548861e-08  |  0.003413717763513191  |  0.02138661820780842  |  0.017178680103528635  |  0.003575386914694287 |  0.013241909152847316  |  0.016658822162953783  | 8.349472287811262e-06  |  0.003925430156864108  |  0.008833856422964786  |  0.016701102480917038  |  0.00676224094030911   |  0.023047611200750627  |
+----------------------------------+------------------------+------------------------+-----------------------+------------------------+-----------------------+------------------------+------------------------+------------------------+------------------------+------------------------+------------------------+------------------------+------------------------+
+----------------------------------+------------------------+------------------------+------------------------+-----------------------+------------------------+-----------------------+-----------------------+------------------------+------------------------+------------------------+------------------------+-----------------------+-----------------------+
|              Metric              |           P1           |           P2           |           P3           |           P4          |           P5           |           P6          |           P7          |           P8           |           P9           |          P10           |          P11           |          P12          |          P13          |
+----------------------------------+------------------------+------------------------+------------------------+-----------------------+------------------------+-----------------------+-----------------------+------------------------+------------------------+------------------------+------------------------+-----------------------+-----------------------+
|  Outcome selected for analysis   |          5.0           |          6.0           |          5.0           |          5.0          |          2.0           |          5.0          |          5.0          |          5.0           |          2.0           |          2.0           |          5.0           |          6.0          |          1.0          |
|         Information Gain         | 0.0009450901202615295  | 0.0005239268337472563  |  0.002997952688364631  |  0.007311656466542591 |  0.005841525032577585  |  0.007311656466542591 |  0.007311656466542591 |  0.007311656466542591  | 0.0020904278110738576  | 0.0020904278110738576  |  0.002997952688364631  |  0.004583461749658825 |  0.007174576532125178 |
|           Chi-squared            |  0.054705515999259366  |  0.03287333607715984   |  0.16206950288296715   |   0.364753623188406   |  0.28508771929824567   |   0.364753623188406   |   0.364753623188406   |   0.364753623188406    |  0.11073971892095832   |  0.11073971892095832   |  0.16206950288296715   |  0.21926080166579898  |   0.293109668109668   |
|            Gini index            | 8.590533918872989e-05  | 5.748719035436611e-05  | 0.0002545014951965685  | 0.0005727810650886234 | 0.00047337278106518443 | 0.0005727810650886234 | 0.0005727810650886234 | 0.0005727810650886234  | 0.00018387733027958042 | 0.00018387733027958042 | 0.0002545014951965685  | 0.0003834319526626606 | 0.0005870198177891917 |
|      Difference in Support       |   0.0144927536231884   |  0.011972930765226444  |  0.023188405797101443  |  0.03188405797101449  |  0.02741228070175438   |  0.03188405797101449  |  0.03188405797101449  |  0.03188405797101449   |  0.018640350877192978  |  0.018640350877192978  |  0.023188405797101443  |  0.02342529932326913  |  0.022727272727272728 |
|          Bigger Support          |  0.06666666666666667   |  0.07079646017699115   |  0.06666666666666667   |  0.06666666666666667  |         0.0625         |  0.06666666666666667  |  0.06666666666666667  |  0.06666666666666667   |         0.0625         |         0.0625         |  0.06666666666666667   |  0.058823529411764705 |          0.05         |
|            Confidence            |  0.14285714285714285   |   0.1111111111111111   |  0.16666666666666666   |          0.2          |          0.2           |          0.2          |          0.2          |          0.2           |  0.16666666666666666   |  0.16666666666666666   |  0.16666666666666666   |          0.2          |          0.25         |
|          All-Confidence          |  0.06666666666666667   |  0.058823529411764705  |  0.06666666666666667   |  0.06666666666666667  |         0.0625         |  0.06666666666666667  |  0.06666666666666667  |  0.06666666666666667   |         0.0625         |         0.0625         |  0.06666666666666667   |  0.058823529411764705 |          0.05         |
|               Lift               |   1.2380952380952381   |   0.849673202614379    |   1.4444444444444442   |   1.7333333333333334  |   1.6249999999999998   |   1.7333333333333334  |   1.7333333333333334  |   1.7333333333333334   |   1.3541666666666665   |   1.3541666666666665   |   1.4444444444444442   |   1.5294117647058822  |   1.6249999999999998  |
|        Standardised Lift         |          0.0           |          0.0           |          0.0           |          0.0          |          0.0           |          0.0          |          0.0          |          0.0           |          0.0           |          0.0           |          0.0           |          0.0          |          0.0          |
|       Collective Strength        |   1.0600998431036943   |   1.0701062676260917   |   1.053793413510172    |   1.0475570934256055  |   1.0468946266573622   |   1.0475570934256055  |   1.0475570934256055  |   1.0475570934256055   |   1.0529542693430525   |   1.0529542693430525   |   1.053793413510172    |   1.0462209711470796  |   1.0388513128828767  |
|              Cosine              |  0.09759000729485331   |  0.08084520834544433   |  0.10540925533894596   |  0.11547005383792516  |  0.11180339887498948   |  0.11547005383792516  |  0.11547005383792516  |  0.11547005383792516   |  0.10206207261596574   |  0.10206207261596574   |  0.10540925533894596   |  0.10846522890932807  |  0.11180339887498948  |
|         Interestingness          |  0.009523245984784446  |  0.00653556096995011   |  0.011110453648915187  |  0.013332544378698226 |  0.012499260355029587  |  0.013332544378698226 |  0.013332544378698226 |  0.013332544378698226  |  0.010416050295857987  |  0.010416050295857987  |  0.011110453648915187  |  0.011764009745910199 |  0.012499260355029587 |
|        Comprehensibility         |  0.43067655807339306   |          0.5           |  0.43067655807339306   |  0.43067655807339306  |  0.43067655807339306   |  0.43067655807339306  |  0.43067655807339306  |  0.43067655807339306   |          0.5           |          0.5           |          0.5           |          0.5          |          0.5          |
|           Completeness           |  0.06666666666666667   |  0.058823529411764705  |  0.06666666666666667   |  0.06666666666666667  |         0.0625         |  0.06666666666666667  |  0.06666666666666667  |  0.06666666666666667   |         0.0625         |         0.0625         |  0.06666666666666667   |  0.058823529411764705 |          0.05         |
|           Added Value            |  0.027472527472527458  |  -0.01965811965811967  |  0.051282051282051266  |  0.08461538461538462  |  0.07692307692307693   |  0.08461538461538462  |  0.08461538461538462  |  0.08461538461538462   |  0.043589743589743574  |  0.043589743589743574  |  0.051282051282051266  |  0.06923076923076923  |  0.09615384615384615  |
|        Casual Confidence         |  0.07549361207897792   |  0.05968778696051423   |  0.08736559139784945   |  0.10400000000000001  |  0.10400000000000001   |  0.10400000000000001  |  0.10400000000000001  |  0.10400000000000001   |  0.08736559139784945   |  0.08736559139784945   |  0.08736559139784945   |  0.10400000000000001  |  0.12896825396825398  |
|          Casual Support          |   0.8461538461538461   |   0.8153846153846154   |   0.8538461538461538   |   0.8615384615384615  |   0.8538461538461538   |   0.8615384615384615  |   0.8615384615384615  |   0.8615384615384615   |   0.8461538461538461   |   0.8461538461538461   |   0.8538461538461538   |   0.8461538461538461  |   0.8307692307692307  |
|         Certainty Factor         |  0.031055900621117998  |  -0.02261553588987219  |  0.05797101449275361   |  0.09565217391304348  |  0.08771929824561404   |  0.09565217391304348  |  0.09565217391304348  |  0.09565217391304348   |  0.04970760233918127   |  0.04970760233918127   |  0.05797101449275361   |  0.07964601769911504  |  0.11363636363636363  |
|            Conviction            |   1.0320512820512822   |   0.9778846153846155   |   1.0615384615384615   |   1.1057692307692306  |   1.0961538461538463   |   1.1057692307692306  |   1.1057692307692306  |   1.1057692307692306   |   1.0523076923076922   |   1.0523076923076922   |   1.0615384615384615   |   1.0865384615384617  |   1.1282051282051282  |
|        Coverage (Support)        |  0.05384615384615385   |  0.06923076923076923   |  0.046153846153846156  |  0.038461538461538464 |  0.038461538461538464  |  0.038461538461538464 |  0.038461538461538464 |  0.038461538461538464  |  0.046153846153846156  |  0.046153846153846156  |  0.046153846153846156  |  0.038461538461538464 |  0.03076923076923077  |
| Descriptive Confirmed Confidence |  -0.7142857142857142   |  -0.7777777777777777   |  -0.6666666666666667   |  -0.6000000000000001  |  -0.6000000000000001   |  -0.6000000000000001  |  -0.6000000000000001  |  -0.6000000000000001   |  -0.6666666666666667   |  -0.6666666666666667   |  -0.6666666666666667   |  -0.6000000000000001  |          -0.5         |
|    Difference of Proportions     |  0.029036004645760727  | -0.021120293847566585  |  0.053763440860215034  |  0.08800000000000001  |          0.08          |  0.08800000000000001  |  0.08800000000000001  |  0.08800000000000001   |  0.04569892473118277   |  0.04569892473118277   |  0.053763440860215034  |  0.07200000000000001  |  0.09920634920634919  |
|   Example and Counter Example    |          -5.0          |          -7.0          |          -4.0          |          -3.0         |          -3.0          |          -3.0         |          -3.0         |          -3.0          |          -4.0          |          -4.0          |          -4.0          |          -3.0         |          -2.0         |
|         Imbalance Ratio          |  0.38095238095238093   |  0.31999999999999995   |  0.44999999999999996   |   0.5263157894736843  |          0.55          |   0.5263157894736843  |   0.5263157894736843  |   0.5263157894736843   |  0.47619047619047616   |  0.47619047619047616   |  0.44999999999999996   |   0.5714285714285714  |   0.6956521739130436  |
|  Fisher's Exact Test (p-value)   |   0.5852443382271977   |   0.7288389000490341   |   0.5281678710107569   |  0.46382712614858745  |   0.4871389902290836   |  0.46382712614858745  |  0.46382712614858745  |  0.46382712614858745   |   0.5527851994797609   |   0.5527851994797609   |   0.5281678710107569   |   0.5096328941664046  |  0.49174698561830044  |
|         Hyper Confidence         |   0.4147556617728023   |  0.27116109995096593   |   0.4718321289892431   |   0.5361728738514125  |   0.5128610097709164   |   0.5361728738514125  |   0.5361728738514125  |   0.5361728738514125   |   0.4472148005202391   |   0.4472148005202391   |   0.4718321289892431   |  0.49036710583359544  |   0.5082530143816996  |
|            Hyper Lift            |          0.5           |   0.3333333333333333   |          0.5           |          0.5          |          0.5           |          0.5          |          0.5          |          0.5           |          0.5           |          0.5           |          0.5           |          0.5          |          0.5          |
|   Laplace Corrected Confidence   |  0.14285714285714285   |         0.125          |  0.15384615384615385   |  0.16666666666666666  |  0.16666666666666666   |  0.16666666666666666  |  0.16666666666666666  |  0.16666666666666666   |  0.15384615384615385   |  0.15384615384615385   |  0.15384615384615385   |  0.16666666666666666  |  0.18181818181818182  |
|            Importance            |  -0.5440680443502756   |  -0.6532125137753436   |  -0.47712125471966244  |  -0.3979400086720376  |  -0.3979400086720376   |  -0.3979400086720376  |  -0.3979400086720376  |  -0.3979400086720376   |  -0.47712125471966244  |  -0.47712125471966244  |  -0.47712125471966244  |  -0.3979400086720376  |  -0.30102999566398114 |
|       Jaccard Coefficient        |  0.047619047619047616  |          0.04          |          0.05          |  0.05263157894736842  |          0.05          |  0.05263157894736842  |  0.05263157894736842  |  0.05263157894736842   |  0.047619047619047616  |  0.047619047619047616  |          0.05          |  0.047619047619047616 |  0.043478260869565216 |
|            J-Measure             | 8.112605517361399e-05  | 5.346932690402826e-05  | 0.00023093978765779434 | 0.0004940314207370123 | 0.00039513320895480267 | 0.0004940314207370123 | 0.0004940314207370123 | 0.0004940314207370123  | 0.0001612184144689625  | 0.0001612184144689625  | 0.00023093978765779434 | 0.0003103385373383579 | 0.0004129935148909885 |
|              Kappa               |  0.01886792452830198   |  -0.01496421600520569  |  0.031372549019607565  |  0.04489795918367352  |  0.038910505836576056  |  0.04489795918367352  |  0.04489795918367352  |  0.04489795918367352   |  0.025487256371813972  |  0.025487256371813972  |  0.031372549019607565  |  0.033457249070632265 |  0.03378378378378394  |
|             Klosgen              | 0.0024095000530412877  | -0.0017241311490651012 |  0.004497733432343738  |  0.00742126016336717  |  0.00674660014851561   |  0.00742126016336717  |  0.00742126016336717  |  0.00742126016336717   |  0.003823073417492177  |  0.003823073417492177  |  0.004497733432343738  |  0.006071940133664048 |  0.00843325018564451  |
|            Kulczynski            |  0.10476190476190475   |  0.08496732026143791   |  0.11666666666666667   |  0.13333333333333333  |        0.13125         |  0.13333333333333333  |  0.13333333333333333  |  0.13333333333333333   |  0.11458333333333333   |  0.11458333333333333   |  0.11666666666666667   |  0.12941176470588237  |          0.15         |
|     Goodman-Kruskal's Lambda     |  0.10852713178294579   |  0.12403100775193798   |  0.10852713178294579   |  0.10852713178294579  |  0.11627906976744189   |  0.10852713178294579  |  0.10852713178294579  |  0.10852713178294579   |  0.11627906976744189   |  0.11627906976744189   |  0.10852713178294579   |  0.12403100775193798  |   0.1472868217054264  |
|       Least Contradiction        |  -0.3333333333333333   |  -0.4117647058823529   |  -0.26666666666666666  |          -0.2         |        -0.1875         |          -0.2         |          -0.2         |          -0.2          |         -0.25          |         -0.25          |  -0.26666666666666666  |  -0.17647058823529413 |          -0.1         |
|        Lerman Similarity         |  0.21398024625545642   |  -0.1630836580944149   |   0.3698001308168194   |   0.5570066518960167  |    0.49029033784546    |   0.5570066518960167  |   0.5570066518960167  |   0.5570066518960167   |   0.3043488214667589   |   0.3043488214667589   |   0.3698001308168194   |  0.42808634473904467  |    0.49029033784546   |
|        Piatetsky-Shapiro         | 0.0014792899408284021  | -0.0013609467455621312 | 0.0023668639053254434  | 0.0032544378698224855 | 0.0029585798816568042  | 0.0032544378698224855 | 0.0032544378698224855 | 0.0032544378698224855  |  0.002011834319526627  |  0.002011834319526627  | 0.0023668639053254434  |  0.002662721893491124 | 0.0029585798816568042 |
|          Max Confidence          |  0.14285714285714285   |   0.1111111111111111   |  0.16666666666666666   |          0.2          |          0.2           |          0.2          |          0.2          |          0.2           |  0.16666666666666666   |  0.16666666666666666   |  0.16666666666666666   |          0.2          |          0.25         |
|            Odds Ratio            |   1.2976190476190477   |       0.8203125        |   1.5714285714285716   |   1.982142857142857   |   1.8333333333333335   |   1.982142857142857   |   1.982142857142857   |   1.982142857142857    |   1.4533333333333336   |   1.4533333333333336   |   1.5714285714285716   |        1.703125       |   1.8771929824561402  |
|   Phi Correlation Coefficient    |  0.020513694487652983  |   0.0159019437798702   |  0.03530847608882507   |  0.05296977535773846  |   0.0468292905790847   |  0.05296977535773846  |  0.05296977535773846  |  0.05296977535773846   |  0.029186366538157493  |  0.029186366538157493  |  0.03530847608882507   |  0.04106849828366478  |  0.04748357352484914  |
|          Ralambondrainy          |  0.046153846153846156  |  0.06153846153846154   |  0.038461538461538464  |  0.03076923076923077  |  0.03076923076923077   |  0.03076923076923077  |  0.03076923076923077  |  0.03076923076923077   |  0.038461538461538464  |  0.038461538461538464  |  0.038461538461538464  |  0.03076923076923077  |  0.023076923076923078 |
| Relative Linkage Disequilibrium  |   0.9981572481572482   |   0.9996656636576395   |   0.9990393852065321   |   0.9994408722393067  |   0.9993849938499385   |   0.9994408722393067  |   0.9994408722393067  |   0.9994408722393067   |   0.9988700564971751   |   0.9988700564971751   |   0.9990393852065321   |   0.9993167065254527  |   0.9995386744579425  |
|          Relative Risk           |   1.2551020408163263   |   0.8402777777777777   |   1.476190476190476    |   1.7857142857142858  |   1.6666666666666665   |   1.7857142857142858  |   1.7857142857142858  |   1.7857142857142858   |   1.3777777777777775   |   1.3777777777777775   |   1.476190476190476    |         1.5625        |   1.657894736842105   |
|        Rule Power Factor         |  0.001098901098901099  | 0.0008547008547008547  |  0.001282051282051282  | 0.0015384615384615385 | 0.0015384615384615385  | 0.0015384615384615385 | 0.0015384615384615385 | 0.0015384615384615385  |  0.001282051282051282  |  0.001282051282051282  |  0.001282051282051282  | 0.0015384615384615385 | 0.0019230769230769232 |
|         Sebag-Schoenauer         |  0.16666666666666666   |         0.125          |          0.2           |          0.25         |          0.25          |          0.25         |          0.25         |          0.25          |          0.2           |          0.2           |          0.2           |          0.25         |   0.3333333333333333  |
|              Yule Q              |  0.12953367875647673   |  -0.09871244635193134  |  0.22222222222222224   |  0.32934131736526945  |  0.29411764705882354   |  0.32934131736526945  |  0.32934131736526945  |  0.32934131736526945   |  0.18478260869565222   |  0.18478260869565222   |  0.22222222222222224   |   0.2601156069364162  |  0.30487804878048774  |
|              Yule Y              |  0.06504082310036088   |  -0.04947704612908626  |   0.112517806303939    |  0.16939587717425109  |   0.1503846381456159   |  0.16939587717425109  |  0.16939587717425109  |  0.16939587717425109   |  0.09319372940437519   |  0.09319372940437519   |   0.112517806303939    |  0.13233546349847103  |  0.15615621389289053  |
|         Weighted Support         |  0.05384615384615385   |  0.06923076923076923   |  0.046153846153846156  |  0.038461538461538464 |  0.038461538461538464  |  0.038461538461538464 |  0.038461538461538464 |  0.038461538461538464  |  0.046153846153846156  |  0.046153846153846156  |  0.046153846153846156  |  0.038461538461538464 |  0.03076923076923077  |
|      Weighted Rule Support       |  0.007692307692307693  |  0.007692307692307693  |  0.007692307692307693  |  0.007692307692307693 |  0.007692307692307693  |  0.007692307692307693 |  0.007692307692307693 |  0.007692307692307693  |  0.007692307692307693  |  0.007692307692307693  |  0.007692307692307693  |  0.007692307692307693 |  0.007692307692307693 |
|       Weighted Confidence        |  0.14285714285714285   |   0.1111111111111111   |  0.16666666666666666   |          0.2          |          0.2           |          0.2          |          0.2          |          0.2           |  0.16666666666666666   |  0.16666666666666666   |  0.16666666666666666   |          0.2          |          0.25         |
|          Weighted Lift           |   1.2380952380952381   |   0.849673202614379    |   1.4444444444444442   |   1.7333333333333334  |   1.6249999999999998   |   1.7333333333333334  |   1.7333333333333334  |   1.7333333333333334   |   1.3541666666666665   |   1.3541666666666665   |   1.4444444444444442   |   1.5294117647058822  |   1.6249999999999998  |
|     Statistical Significance     |  1.60713791069296e-07  |  0.023076245784788632  |  0.06890486505428878   |  0.11866978591830467  |  0.025978395286933832  |  0.09147469507830519  |   0.1150786234923115  | 6.0219999468165166e-05 |  0.03134304071766623   |  0.06763447560919135   |   0.1333518402241746   |  0.05112825412446254  |  0.16472320831184079  |
|           FleBiC Score           | 2.3214489550161772e-08 |  0.002981196933806501  |  0.010885790089707487  |  0.021779883599933835 | 0.0045072668487952435  |  0.016788672834688385 |  0.021120784916799508 |  1.10523885136832e-05  |  0.004357293384434688  |  0.009402509979369419  |  0.019400411825217324  |  0.007807865578625493 |  0.02669439891325042  |
+----------------------------------+------------------------+------------------------+------------------------+-----------------------+------------------------+-----------------------+-----------------------+------------------------+------------------------+------------------------+------------------------+-----------------------+-----------------------+
