FOUND BICS:#93
 I=[3,0] (2,15) Y=[alkphos,gammagt] X=[4,7,14,16,27,34,51,72,87,108,115,214,222,248,282] pvalue=0.008348647275778854 Lifts=[1.7692307692307692, 1.352941176470588, 1.3142857142857143, 0.0, 1.0298507462686566, 0.0, 0.0]
 I=[0,0] (2,14) Y=[sgot,gammagt] X=[7,16,46,108,115,194,196,201,209,214,216,247,266,302] pvalue=0.003409956717832572 Lifts=[1.8956043956043958, 1.4495798319327733, 0.7040816326530612, 0.0, 1.1034115138592753, 0.0, 0.0]
 I=[0,1] (2,13) Y=[mcv,gammagt] X=[11,43,55,74,117,128,135,203,223,225,241,242,323] pvalue=0.17 Lifts=[1.814595660749507, 0.0, 0.7582417582417582, 0.0, 1.1882893226176807, 0.5769230769230769, 0.0]
 I=[2,0] (2,13) Y=[sgpt,gammagt] X=[8,16,22,34,48,51,88,102,110,191,206,214,222] pvalue=5.900662313621545E-4 Lifts=[2.2682445759368837, 0.0, 0.0, 1.2637362637362637, 0.7921928817451205, 0.0, 0.0]
 I=[1,0] (2,12) Y=[mcv,gammagt] X=[4,6,7,27,72,110,134,191,199,222,266,338] pvalue=0.03 Lifts=[1.7200854700854702, 0.0, 1.6428571428571428, 0.0, 0.8582089552238805, 0.0, 0.6845238095238094]
 I=[6,5] (2,12) Y=[alkphos,gammagt] X=[18,33,40,109,158,187,202,217,219,285,319,334] pvalue=0.03 Lifts=[1.4743589743589745, 0.0, 0.0, 0.0, 0.8582089552238805, 1.25, 1.3690476190476188]
 I=[0,0] (2,12) Y=[sgpt,gammagt] X=[4,19,37,46,63,115,134,216,266,272,301,338] pvalue=0.01 Lifts=[1.4743589743589745, 0.0, 0.8214285714285714, 1.3690476190476188, 1.287313432835821, 0.0, 0.6845238095238094]
 I=[0,3] (2,11) Y=[mcv,alkphos] X=[1,44,51,55,115,183,211,234,257,282,283] pvalue=0.42 Lifts=[1.6083916083916083, 0.0, 0.8961038961038961, 0.0, 1.4043419267299866, 0.0, 0.7467532467532467]
 I=[0,6] (2,11) Y=[mcv,sgpt] X=[0,1,24,36,40,132,150,227,254,277,288] pvalue=0.29 Lifts=[1.6083916083916083, 0.0, 0.8961038961038961, 1.4935064935064934, 0.9362279511533244, 0.6818181818181818, 0.0]
 I=[0,0] (2,11) Y=[mcv,sgot] X=[2,30,43,44,115,135,196,201,209,240,256] pvalue=0.2 Lifts=[2.1445221445221447, 0.0, 0.8961038961038961, 0.0, 0.9362279511533244, 0.0, 0.0]
 I=[3,2] (2,11) Y=[alkphos,sgpt] X=[16,25,34,51,55,93,183,211,214,222,313] pvalue=0.01 Lifts=[2.1445221445221447, 0.0, 0.0, 1.4935064935064934, 0.0, 0.6818181818181818, 0.7467532467532467]
 I=[0,2] (2,11) Y=[sgot,gammagt] X=[20,26,28,30,44,61,107,198,246,256,286] pvalue=0.02 Lifts=[1.8764568764568763, 1.8449197860962567, 0.8961038961038961, 0.0, 0.9362279511533244, 0.0, 0.0]
 I=[0,1] (2,10) Y=[mcv,alkphos] X=[2,36,74,150,201,241,242,293,296,329] pvalue=0.21 Lifts=[1.4743589743589745, 0.0, 0.9857142857142857, 0.0, 1.0298507462686566, 0.75, 0.8214285714285714]
 I=[0,5] (2,10) Y=[mcv,alkphos] X=[24,30,38,43,56,89,203,209,220,254] pvalue=0.23 Lifts=[2.358974358974359, 0.0, 0.9857142857142857, 1.6428571428571428, 0.0, 0.0, 0.0]
 I=[6,2] (2,10) Y=[alkphos,sgot] X=[18,33,109,122,160,192,193,212,217,334] pvalue=0.13 Lifts=[1.7692307692307694, 0.0, 0.0, 0.0, 1.0298507462686566, 0.75, 0.8214285714285714]
 I=[1,0] (2,10) Y=[sgot,gammagt] X=[6,9,34,37,134,139,173,191,199,301] pvalue=0.13 Lifts=[1.7692307692307694, 0.0, 0.0, 0.0, 1.544776119402985, 0.0, 0.8214285714285714]
 I=[2,1,1] (3,6) Y=[alkphos,sgpt,gammagt] X=[11,45,117,177,223,225] pvalue=0.0026521003818115196 Lifts=[1.965811965811966, 0.0, 0.0, 0.0, 0.8582089552238805, 0.0, 1.3690476190476188]
 I=[4,6,6] (3,6) Y=[alkphos,sgpt,gammagt] X=[35,132,156,227,232,342] pvalue=1.5284513709428236E-4 Lifts=[1.4743589743589745, 0.0, 0.0, 0.0, 0.8582089552238805, 1.25, 1.3690476190476188]
 I=[0,5] (2,8) Y=[mcv,sgot] X=[1,55,203,227,228,242,254,288] pvalue=0.15 Lifts=[2.2115384615384617, 0.0, 1.2321428571428572, 0.0, 0.6436567164179104, 0.0, 0.0]
 I=[1,1] (2,8) Y=[alkphos,sgot] X=[5,54,164,191,230,290,301,327] pvalue=0.21 Lifts=[1.4743589743589745, 0.0, 0.0, 0.0, 1.287313432835821, 0.9375, 1.0267857142857142]
 I=[1,3,0] (3,5) Y=[mcv,alkphos,gammagt] X=[4,7,27,72,222] pvalue=0.001586370301419347 Lifts=[2.358974358974359, 0.0, 1.9714285714285713, 0.0, 0.0, 0.0, 0.0]
 I=[3,2,0] (3,5) Y=[alkphos,sgpt,gammagt] X=[16,34,51,214,222] pvalue=2.0522523723187945E-4 Lifts=[2.948717948717949, 0.0, 0.0, 0.0, 0.0, 0.0, 0.0]
 I=[0,4] (2,7) Y=[alkphos,sgpt] X=[26,29,47,49,218,281,321] pvalue=0.27 Lifts=[2.1062271062271063, 0.0, 0.0, 0.0, 0.7356076759061835, 1.0714285714285716, 0.0]
 I=[1,0] (2,7) Y=[alkphos,gammagt] X=[8,46,63,191,201,301,324] pvalue=0.26 Lifts=[2.1062271062271063, 0.0, 0.0, 0.0, 0.7356076759061835, 0.0, 1.1734693877551021]
 I=[5,2] (2,6) Y=[mcv,sgot] X=[21,177,193,217,235,287] pvalue=0.26 Lifts=[1.965811965811966, 0.0, 0.0, 0.0, 0.8582089552238805, 0.0, 1.3690476190476188]
 I=[1,0] (2,6) Y=[alkphos,sgot] X=[2,46,62,119,201,270] pvalue=0.37 Lifts=[1.965811965811966, 0.0, 1.6428571428571428, 0.0, 0.8582089552238805, 0.0, 0.0]
 I=[5,4] (2,6) Y=[alkphos,gammagt] X=[38,151,205,220,226,254] pvalue=0.39 Lifts=[1.965811965811966, 0.0, 1.6428571428571428, 0.0, 0.0, 1.25, 0.0]
 I=[3,0] (2,6) Y=[sgpt,gammagt] X=[9,72,195,196,199,201] pvalue=0.43 Lifts=[2.4572649572649574, 0.0, 1.6428571428571428, 0.0, 0.0, 0.0, 0.0]
 I=[2,4] (2,6) Y=[sgot,gammagt] X=[39,143,192,235,237,287] pvalue=0.54 Lifts=[1.965811965811966, 0.0, 0.0, 0.0, 0.8582089552238805, 1.25, 0.0]
 I=[4,1] (2,5) Y=[mcv,alkphos] X=[8,46,52,137,310] pvalue=0.33 Lifts=[1.7692307692307694, 0.0, 0.0, 0.0, 1.0298507462686566, 1.5, 0.0]
 I=[5,5] (2,5) Y=[alkphos,sgpt] X=[106,203,208,226,322] pvalue=0.63 Lifts=[1.7692307692307694, 0.0, 0.0, 0.0, 1.0298507462686566, 1.5, 0.0]
 I=[2,4] (2,5) Y=[sgpt,gammagt] X=[39,165,205,211,296] pvalue=0.34 Lifts=[1.7692307692307694, 0.0, 0.0, 0.0, 1.0298507462686566, 1.5, 0.0]
 I=[2,0] (2,9) Y=[sgpt,gammagt] X=[8,22,48,51,88,102,110,206,222] pvalue=0.02 Lifts=[1.9658119658119662, 0.0, 0.0, 1.8253968253968254, 1.1442786069651742, 0.0, 0.0]
 I=[1,1] (2,6) Y=[alkphos,sgot] X=[5,54,164,230,290,327] pvalue=0.49 Lifts=[1.4743589743589745, 0.0, 0.0, 0.0, 0.8582089552238805, 1.25, 1.3690476190476188]
 I=[2,1,1] (3,3) Y=[mcv,sgpt,gammagt] X=[17,42,50] pvalue=0.01 Lifts=[2.948717948717949, 0.0, 0.0, 0.0, 0.0, 0.0, 0.0]
 I=[3,2,0] (3,3) Y=[mcv,sgpt,gammagt] X=[22,48,206] pvalue=0.02 Lifts=[2.948717948717949, 0.0, 0.0, 0.0, 0.0, 0.0, 0.0]
 I=[5,4,4] (3,3) Y=[mcv,alkphos,gammagt] X=[32,233,305] pvalue=0.005070593146872568 Lifts=[1.965811965811966, 0.0, 0.0, 0.0, 1.716417910447761, 0.0, 0.0]
 I=[6,3,1] (3,3) Y=[mcv,alkphos,sgpt] X=[23,236,284] pvalue=0.11 Lifts=[1.965811965811966, 0.0, 0.0, 0.0, 1.716417910447761, 0.0, 0.0]
 I=[0,3] (2,4) Y=[sgot,gammagt] X=[25,129,221,240] pvalue=0.78 Lifts=[2.2115384615384617, 0.0, 0.0, 0.0, 1.287313432835821, 0.0, 0.0]
 I=[2,6,1,4] (4,2) Y=[mcv,alkphos,sgpt,sgot] X=[42,213] pvalue=5.867433581395768E-4
 I=[6,2] (2,3) Y=[alkphos,gammagt] X=[28,107,210] pvalue=0.9 Lifts=[1.965811965811966, 0.0, 0.0, 0.0, 1.716417910447761, 0.0, 0.0]
 I=[1,4,1] (3,2) Y=[mcv,alkphos,gammagt] X=[190,197] pvalue=0.11 Lifts=[2.948717948717949, 0.0, 0.0, 0.0, 0.0, 0.0, 0.0]
 I=[2,6,1] (3,2) Y=[mcv,alkphos,gammagt] X=[42,215] pvalue=0.02 Lifts=[2.948717948717949, 0.0, 0.0, 0.0, 0.0, 0.0, 0.0]
 I=[2,3,6] (3,2) Y=[mcv,sgpt,sgot] X=[41,215] pvalue=0.01 Lifts=[2.948717948717949, 0.0, 0.0, 0.0, 0.0, 0.0, 0.0]
 I=[2,4,1] (3,2) Y=[mcv,sgot,gammagt] X=[10,42] pvalue=0.04 Lifts=[2.948717948717949, 0.0, 0.0, 0.0, 0.0, 0.0, 0.0]
 I=[3,1,2] (3,2) Y=[alkphos,sgpt,sgot] X=[234,236] pvalue=0.26 Lifts=[2.948717948717949, 0.0, 0.0, 0.0, 0.0, 0.0, 0.0]
 I=[5,1,2] (3,2) Y=[alkphos,sgpt,gammagt] X=[56,207] pvalue=0.12 Lifts=[2.948717948717949, 0.0, 0.0, 0.0, 0.0, 0.0, 0.0]
 I=[0,2,0,3,3] (5,1) Y=[mcv,alkphos,sgpt,sgot,gammagt] X=[239] pvalue=2.863706509727146E-4
 I=[0,2,5,4,5] (5,1) Y=[mcv,alkphos,sgpt,sgot,gammagt] X=[229] pvalue=0.0010015822241281164
 I=[0,4,3,1,2] (5,1) Y=[mcv,alkphos,sgpt,sgot,gammagt] X=[13] pvalue=2.901264080157704E-4
 I=[0,6,4,4,2] (5,1) Y=[mcv,alkphos,sgpt,sgot,gammagt] X=[210] pvalue=5.950279452110739E-4
 I=[1,0,1,3,2] (5,1) Y=[mcv,alkphos,sgpt,sgot,gammagt] X=[57] pvalue=2.791437817613071E-4
 I=[1,1,4,5,3] (5,1) Y=[mcv,alkphos,sgpt,sgot,gammagt] X=[231] pvalue=5.777145825791168E-5
 I=[2,4,1,3,1] (5,1) Y=[mcv,alkphos,sgpt,sgot,gammagt] X=[50] pvalue=1.0606751241270249E-4
 I=[2,5,1,1,1] (5,1) Y=[mcv,alkphos,sgpt,sgot,gammagt] X=[17] pvalue=1.2979573704290602E-4
 I=[3,0,5,6,3] (5,1) Y=[mcv,alkphos,sgpt,sgot,gammagt] X=[60] pvalue=4.458393381345801E-4
 I=[3,1,4,3,5] (5,1) Y=[mcv,alkphos,sgpt,sgot,gammagt] X=[31] pvalue=2.4554750594250646E-4
 I=[3,2,2,4,3] (5,1) Y=[mcv,alkphos,sgpt,sgot,gammagt] X=[59] pvalue=5.866105590249807E-4
 I=[3,3,0,1,1] (5,1) Y=[mcv,alkphos,sgpt,sgot,gammagt] X=[224] pvalue=7.533204418950864E-4
 I=[3,3,6,5,1] (5,1) Y=[mcv,alkphos,sgpt,sgot,gammagt] X=[12] pvalue=3.339474039697662E-4
 I=[3,4,1,5,2] (5,1) Y=[mcv,alkphos,sgpt,sgot,gammagt] X=[15] pvalue=3.509723834429359E-4
 I=[3,4,5,4,4] (5,1) Y=[mcv,alkphos,sgpt,sgot,gammagt] X=[3] pvalue=9.41964867850899E-4
 I=[3,5,1,0,3] (5,1) Y=[mcv,alkphos,sgpt,sgot,gammagt] X=[221] pvalue=7.342448029767891E-4
 I=[3,6,5,3,6] (5,1) Y=[mcv,alkphos,sgpt,sgot,gammagt] X=[204] pvalue=4.936411231922868E-4
 I=[4,2,0,0,1] (5,1) Y=[mcv,alkphos,sgpt,sgot,gammagt] X=[238] pvalue=1.3996218745074336E-4
 I=[5,0,0,3,5] (5,1) Y=[mcv,alkphos,sgpt,sgot,gammagt] X=[53] pvalue=5.74727698184151E-5
 I=[5,4,1,4,4] (5,1) Y=[mcv,alkphos,sgpt,sgot,gammagt] X=[233] pvalue=4.133930450397311E-4
 I=[5,4,4,1,4] (5,1) Y=[mcv,alkphos,sgpt,sgot,gammagt] X=[32] pvalue=9.505113428337515E-5
 I=[6,3,1,1,2] (5,1) Y=[mcv,alkphos,sgpt,sgot,gammagt] X=[23] pvalue=6.457517685051389E-4
 I=[6,3,3,4,4] (5,1) Y=[mcv,alkphos,sgpt,sgot,gammagt] X=[58] pvalue=4.4823191209736367E-4
 I=[0,4,5,5] (4,1) Y=[mcv,alkphos,sgot,gammagt] X=[228] pvalue=0.006786829317975475 Lifts=[2.948717948717949, 0.0, 0.0, 0.0, 0.0, 0.0, 0.0]
 I=[0,6,4,4] (4,1) Y=[mcv,sgpt,sgot,gammagt] X=[0] pvalue=0.03 Lifts=[2.948717948717949, 0.0, 0.0, 0.0, 0.0, 0.0, 0.0]
 I=[5,0,2,2] (4,1) Y=[mcv,alkphos,sgot,gammagt] X=[21] pvalue=0.0038036904754789077 Lifts=[2.948717948717949, 0.0, 0.0, 0.0, 0.0, 0.0, 0.0]
 I=[0,2,0,3] (4,1) Y=[mcv,alkphos,sgot,gammagt] X=[240] pvalue=0.01
 I=[1,2,0] (3,1) Y=[mcv,alkphos,gammagt] X=[6] pvalue=0.32 Lifts=[2.948717948717949, 0.0, 0.0, 0.0, 0.0, 0.0, 0.0]
 I=[1,2,1] (3,1) Y=[mcv,sgot,gammagt] X=[190] pvalue=0.33 Lifts=[2.948717948717949, 0.0, 0.0, 0.0, 0.0, 0.0, 0.0]
 I=[1,4,1] (3,1) Y=[mcv,sgot,gammagt] X=[197] pvalue=0.49 Lifts=[2.948717948717949, 0.0, 0.0, 0.0, 0.0, 0.0, 0.0]
 I=[2,4,0] (3,1) Y=[mcv,sgot,gammagt] X=[213] pvalue=0.16 Lifts=[2.948717948717949, 0.0, 0.0, 0.0, 0.0, 0.0, 0.0]
 I=[4,3,0] (3,1) Y=[mcv,sgpt,gammagt] X=[195] pvalue=0.15 Lifts=[2.948717948717949, 0.0, 0.0, 0.0, 0.0, 0.0, 0.0]
 I=[5,1,4] (3,1) Y=[mcv,alkphos,gammagt] X=[235] pvalue=0.11 Lifts=[2.948717948717949, 0.0, 0.0, 0.0, 0.0, 0.0, 0.0]
 I=[5,0,0] (3,1) Y=[mcv,sgpt,gammagt] X=[19] pvalue=0.13 Lifts=[2.948717948717949, 0.0, 0.0, 0.0, 0.0, 0.0, 0.0]
 I=[6,4,2] (3,1) Y=[mcv,alkphos,gammagt] X=[198] pvalue=0.25 Lifts=[2.948717948717949, 0.0, 0.0, 0.0, 0.0, 0.0, 0.0]
 I=[1,0,5] (3,1) Y=[alkphos,sgot,gammagt] X=[2] pvalue=0.2 Lifts=[2.948717948717949, 0.0, 0.0, 0.0, 0.0, 0.0, 0.0]
 I=[1,1,2] (3,1) Y=[alkphos,sgot,gammagt] X=[5] pvalue=0.21 Lifts=[2.948717948717949, 0.0, 0.0, 0.0, 0.0, 0.0, 0.0]
 I=[5,4,4] (3,1) Y=[alkphos,sgpt,gammagt] X=[220] pvalue=0.19 Lifts=[2.948717948717949, 0.0, 0.0, 0.0, 0.0, 0.0, 0.0]
 I=[6,2,3] (3,1) Y=[alkphos,sgot,gammagt] X=[212] pvalue=0.28 Lifts=[2.948717948717949, 0.0, 0.0, 0.0, 0.0, 0.0, 0.0]
 I=[6,4,1] (3,1) Y=[alkphos,sgot,gammagt] X=[42] pvalue=0.48 Lifts=[2.948717948717949, 0.0, 0.0, 0.0, 0.0, 0.0, 0.0]
 I=[1,2,3] (3,1) Y=[sgpt,sgot,gammagt] X=[236] pvalue=0.44 Lifts=[2.948717948717949, 0.0, 0.0, 0.0, 0.0, 0.0, 0.0]
 I=[2,0,3] (3,1) Y=[sgpt,sgot,gammagt] X=[25] pvalue=0.14 Lifts=[2.948717948717949, 0.0, 0.0, 0.0, 0.0, 0.0, 0.0]
 I=[3,6,1] (3,1) Y=[sgpt,sgot,gammagt] X=[215] pvalue=0.26 Lifts=[2.948717948717949, 0.0, 0.0, 0.0, 0.0, 0.0, 0.0]
 I=[3,6,5] (3,1) Y=[sgpt,sgot,gammagt] X=[41] pvalue=0.22 Lifts=[2.948717948717949, 0.0, 0.0, 0.0, 0.0, 0.0, 0.0]
 I=[4,1,1] (3,1) Y=[sgpt,sgot,gammagt] X=[29] pvalue=0.3 Lifts=[2.948717948717949, 0.0, 0.0, 0.0, 0.0, 0.0, 0.0]
 I=[6,6,3] (3,1) Y=[sgpt,sgot,gammagt] X=[36] pvalue=0.27 Lifts=[2.948717948717949, 0.0, 0.0, 0.0, 0.0, 0.0, 0.0]

3.000;0.000;0.000;0.000;0.000;0.000;0.000;0.000;0.000;0.000;0.000;0.000;0.000;0.000;0.000;
0.000;0.000;0.000;0.000;0.000;0.000;0.000;0.000;0.000;0.000;0.000;0.000;0.000;0.000;0.000;



0.000;0.000;0.000;0.000;0.000;0.000;0.000;0.000;0.000;0.000;0.000;0.000;0.000;0.000;
0.000;0.000;0.000;0.000;0.000;0.000;0.000;0.000;0.000;0.000;0.000;0.000;0.000;0.000;



0.000;0.000;0.000;0.000;0.000;0.000;0.000;0.000;0.000;0.000;0.000;0.000;0.000;
0.000;0.000;0.000;0.000;0.000;0.000;0.000;0.000;0.000;0.000;0.000;0.000;0.000;



0.000;0.000;0.000;0.000;0.000;0.000;0.000;0.000;0.000;0.000;0.000;0.000;0.000;
0.000;0.000;0.000;0.000;0.000;0.000;0.000;0.000;0.000;0.000;0.000;0.000;0.000;



4.000;0.000;0.000;0.000;0.000;0.000;0.000;0.000;0.000;0.000;0.000;0.000;
0.000;0.000;0.000;0.000;0.000;0.000;0.000;0.000;0.000;0.000;0.000;0.000;



0.000;0.000;0.000;0.000;0.000;0.000;0.000;0.000;0.000;0.000;0.000;0.000;
0.000;0.000;0.000;0.000;0.000;0.000;0.000;0.000;0.000;0.000;0.000;0.000;



5.000;0.000;0.000;0.000;0.000;0.000;0.000;0.000;0.000;0.000;0.000;0.000;
0.000;0.000;0.000;0.000;0.000;0.000;0.000;0.000;0.000;0.000;0.000;0.000;



6.000;0.000;0.000;0.000;0.000;0.000;0.000;0.000;0.000;0.000;0.000;
3.000;0.000;0.000;0.000;0.000;0.000;0.000;0.000;0.000;0.000;0.000;



0.000;6.000;0.000;0.000;0.000;0.000;0.000;0.000;0.000;0.000;0.000;
0.000;1.000;0.000;0.000;0.000;0.000;0.000;0.000;0.000;0.000;0.000;



6.000;0.000;0.000;0.000;0.000;0.000;0.000;0.000;0.000;0.000;0.000;
5.000;0.000;0.000;0.000;0.000;0.000;0.000;0.000;0.000;0.000;0.000;



0.000;0.000;0.000;0.000;0.000;0.000;0.000;0.000;0.000;0.000;0.000;
0.000;0.000;0.000;0.000;0.000;0.000;0.000;0.000;0.000;0.000;0.000;



0.000;0.000;0.000;0.000;0.000;0.000;0.000;0.000;0.000;0.000;0.000;
0.000;0.000;0.000;0.000;0.000;0.000;0.000;0.000;0.000;0.000;0.000;



6.000;0.000;0.000;0.000;0.000;0.000;0.000;0.000;0.000;0.000;
6.000;0.000;0.000;0.000;0.000;0.000;0.000;0.000;0.000;0.000;



0.000;0.000;0.000;0.000;0.000;0.000;0.000;0.000;0.000;0.000;
0.000;0.000;0.000;0.000;0.000;0.000;0.000;0.000;0.000;0.000;



0.000;0.000;0.000;0.000;0.000;0.000;0.000;0.000;0.000;0.000;
0.000;0.000;0.000;0.000;0.000;0.000;0.000;0.000;0.000;0.000;



0.000;0.000;0.000;0.000;0.000;0.000;0.000;0.000;0.000;0.000;
0.000;0.000;0.000;0.000;0.000;0.000;0.000;0.000;0.000;0.000;



0.000;0.000;0.000;0.000;0.000;0.000;
0.000;0.000;0.000;0.000;0.000;0.000;
0.000;0.000;0.000;0.000;0.000;0.000;



0.000;0.000;0.000;0.000;0.000;0.000;
0.000;0.000;0.000;0.000;0.000;0.000;
0.000;0.000;0.000;0.000;0.000;0.000;



6.000;0.000;0.000;0.000;0.000;0.000;0.000;0.000;
4.000;0.000;0.000;0.000;0.000;0.000;0.000;0.000;



0.000;0.000;0.000;0.000;0.000;0.000;0.000;0.000;
0.000;0.000;0.000;0.000;0.000;0.000;0.000;0.000;



4.000;0.000;0.000;0.000;0.000;
3.000;0.000;0.000;0.000;0.000;
0.000;0.000;0.000;0.000;0.000;



0.000;0.000;0.000;0.000;0.000;
0.000;0.000;0.000;0.000;0.000;
0.000;0.000;0.000;0.000;0.000;



0.000;0.000;0.000;0.000;0.000;0.000;0.000;
0.000;0.000;0.000;0.000;0.000;0.000;0.000;



0.000;0.000;0.000;0.000;0.000;0.000;0.000;
0.000;0.000;0.000;0.000;0.000;0.000;0.000;



0.000;0.000;0.000;0.000;0.000;0.000;
0.000;0.000;0.000;0.000;0.000;0.000;



6.000;0.000;0.000;0.000;0.000;0.000;
5.000;0.000;0.000;0.000;0.000;0.000;



0.000;0.000;0.000;0.000;0.000;0.000;
0.000;0.000;0.000;0.000;0.000;0.000;



0.000;0.000;0.000;0.000;0.000;0.000;
0.000;0.000;0.000;0.000;0.000;0.000;



0.000;0.000;0.000;0.000;0.000;0.000;
0.000;0.000;0.000;0.000;0.000;0.000;



0.000;0.000;0.000;0.000;0.000;
0.000;0.000;0.000;0.000;0.000;



0.000;0.000;0.000;0.000;0.000;
0.000;0.000;0.000;0.000;0.000;



0.000;0.000;0.000;0.000;0.000;
0.000;0.000;0.000;0.000;0.000;



0.000;0.000;0.000;0.000;0.000;0.000;0.000;0.000;0.000;
0.000;0.000;0.000;0.000;0.000;0.000;0.000;0.000;0.000;



0.000;0.000;0.000;0.000;0.000;0.000;
0.000;0.000;0.000;0.000;0.000;0.000;



0.000;0.000;0.000;
0.000;0.000;0.000;
0.000;0.000;0.000;



0.000;0.000;0.000;
0.000;0.000;0.000;
0.000;0.000;0.000;



0.000;0.000;0.000;
0.000;0.000;0.000;
0.000;0.000;0.000;



0.000;0.000;0.000;
0.000;0.000;0.000;
0.000;0.000;0.000;



0.000;0.000;0.000;0.000;
0.000;0.000;0.000;0.000;



0.000;0.000;
0.000;0.000;
0.000;0.000;
0.000;0.000;



0.000;0.000;0.000;
0.000;0.000;0.000;



0.000;0.000;
0.000;0.000;
0.000;0.000;



0.000;0.000;
0.000;0.000;
0.000;0.000;



0.000;0.000;
0.000;0.000;
0.000;0.000;



0.000;0.000;
0.000;0.000;
0.000;0.000;



0.000;0.000;
0.000;0.000;
0.000;0.000;



0.000;0.000;
0.000;0.000;
0.000;0.000;



0.000;
0.000;
0.000;
0.000;
0.000;



0.000;
0.000;
0.000;
0.000;
0.000;



0.000;
0.000;
0.000;
0.000;
0.000;



0.000;
0.000;
0.000;
0.000;
0.000;



0.000;
0.000;
0.000;
0.000;
0.000;



0.000;
0.000;
0.000;
0.000;
0.000;



0.000;
0.000;
0.000;
0.000;
0.000;



0.000;
0.000;
0.000;
0.000;
0.000;



0.000;
0.000;
0.000;
0.000;
0.000;



0.000;
0.000;
0.000;
0.000;
0.000;



0.000;
0.000;
0.000;
0.000;
0.000;



0.000;
0.000;
0.000;
0.000;
0.000;



0.000;
0.000;
0.000;
0.000;
0.000;



0.000;
0.000;
0.000;
0.000;
0.000;



4.000;
5.000;
0.000;
4.000;
5.000;



0.000;
0.000;
0.000;
0.000;
0.000;



0.000;
0.000;
0.000;
0.000;
0.000;



0.000;
0.000;
0.000;
0.000;
0.000;



0.000;
0.000;
0.000;
0.000;
0.000;



0.000;
0.000;
0.000;
0.000;
0.000;



0.000;
0.000;
0.000;
0.000;
0.000;



0.000;
0.000;
0.000;
0.000;
0.000;



0.000;
0.000;
0.000;
0.000;
0.000;



0.000;
0.000;
0.000;
0.000;



0.000;
0.000;
3.000;
1.000;



0.000;
0.000;
0.000;
0.000;



0.000;
0.000;
0.000;
0.000;



0.000;
0.000;
0.000;



0.000;
0.000;
0.000;



0.000;
0.000;
0.000;



0.000;
0.000;
0.000;



0.000;
0.000;
0.000;



0.000;
0.000;
0.000;



0.000;
0.000;
0.000;



0.000;
0.000;
0.000;



6.000;
5.000;
0.000;



0.000;
0.000;
0.000;



0.000;
0.000;
0.000;



0.000;
0.000;
0.000;



0.000;
0.000;
0.000;



0.000;
0.000;
0.000;



0.000;
0.000;
0.000;



0.000;
0.000;
0.000;



0.000;
0.000;
0.000;



0.000;
0.000;
0.000;



0.000;
0.000;
0.000;



