FOUND BICS:#148
 I=[4,4,4,4,4,4] (6,25) Y=[radius_0,perimeter_0,area_0,radius_2,perimeter_2,area_2] X=[17,58,62,70,75,76,86,99,113,114,124,128,131,135,136,140,151,161,166,170,175,178,186,187,196] pvalue=2.8308326652394657E-77 Lifts=[0.8392052980132451, 1.5165957446808511]
 I=[4,4,4,4,4] (5,28) Y=[radius_0,perimeter_0,area_0,radius_2,area_2] X=[2,17,58,62,70,75,76,86,98,99,113,114,124,128,131,135,136,140,151,161,166,170,175,178,186,187,193,196] pvalue=2.2359125344658745E-66 Lifts=[0.889782403027436, 1.3541033434650458]
 I=[4,4,4,4,4] (5,26) Y=[radius_0,perimeter_0,area_0,perimeter_2,area_2] X=[17,58,62,70,75,76,86,99,113,114,124,128,131,135,136,140,151,161,166,169,170,175,178,186,187,196] pvalue=2.533370445320627E-61 Lifts=[0.8573611818644931, 1.4582651391162027]
 I=[0,0,0,0,0,0,4] (7,16) Y=[radius_0,perimeter_0,area_0,radius_2,perimeter_2,area_2,smoothness_2] X=[3,5,7,8,9,31,33,38,43,53,81,83,96,137,147,160] pvalue=1.989823184261927E-60 Lifts=[0.9014900662251654, 1.3164893617021276]
 I=[4,4,4,4,4] (5,25) Y=[perimeter_0,area_0,radius_2,perimeter_2,area_2] X=[17,58,62,70,75,76,86,99,113,114,124,128,131,135,136,140,151,161,166,170,175,178,186,187,196] pvalue=1.178196858075556E-58 Lifts=[0.8392052980132451, 1.5165957446808511]
 I=[0,0,0,0,0,4] (6,17) Y=[radius_0,perimeter_0,area_0,radius_2,area_2,smoothness_2] X=[3,5,7,8,9,24,31,33,38,43,53,81,83,96,137,147,160] pvalue=4.713473495705847E-52 Lifts=[0.9255940786910791, 1.2390488110137672]
 I=[4,4,4,4] (4,31) Y=[radius_0,perimeter_0,area_0,area_2] X=[2,17,50,58,62,70,75,76,86,98,99,109,113,114,124,128,131,135,136,140,151,161,166,169,170,175,178,186,187,193,196] pvalue=1.022287837286497E-51 Lifts=[0.845973082674642, 1.4948524365133835]
 I=[0,0,0,0,0,4] (6,16) Y=[radius_0,perimeter_0,area_0,perimeter_2,area_2,smoothness_2] X=[3,5,7,8,9,31,33,38,43,53,81,83,96,137,147,160] pvalue=8.346243955064959E-49 Lifts=[0.9014900662251654, 1.3164893617021276]
 I=[0,0,0,0,0,4] (6,16) Y=[perimeter_0,area_0,radius_2,perimeter_2,area_2,smoothness_2] X=[3,5,7,8,9,31,33,38,43,53,81,83,96,137,147,160] pvalue=1.95211095743768E-48 Lifts=[0.9014900662251654, 1.3164893617021276]
 I=[0,0,0,0,0,4] (6,16) Y=[radius_0,area_0,radius_2,perimeter_2,area_2,smoothness_2] X=[3,5,7,8,9,31,33,38,43,53,81,83,96,137,147,160] pvalue=2.008244666115238E-47 Lifts=[0.9014900662251654, 1.3164893617021276]
 I=[4,4,4,4,4] (5,20) Y=[radius_1,area_1,radius_2,perimeter_2,area_2] X=[1,58,62,75,93,99,105,113,114,120,128,131,135,161,166,170,175,186,187,196] pvalue=2.230313606433545E-46 Lifts=[0.6556291390728477, 2.1063829787234045]
 I=[4,4,4,4,4] (5,20) Y=[radius_1,perimeter_1,area_1,perimeter_2,area_2] X=[1,58,75,93,99,105,113,114,120,128,131,135,161,166,169,170,175,186,187,196] pvalue=3.842978008189347E-46 Lifts=[0.7211920529801324, 1.895744680851064]
 I=[4,4,4,4,4] (5,20) Y=[radius_1,perimeter_1,area_1,radius_2,area_2] X=[1,58,75,93,99,105,113,114,120,128,131,135,161,166,170,175,186,187,193,196] pvalue=6.718240924708649E-46 Lifts=[0.7211920529801324, 1.895744680851064]
 I=[4,4,4,4] (4,28) Y=[perimeter_0,area_0,radius_2,area_2] X=[2,17,58,62,70,75,76,86,98,99,113,114,124,128,131,135,136,140,151,161,166,170,175,178,186,187,193,196] pvalue=1.0849296950667973E-45 Lifts=[0.889782403027436, 1.3541033434650458]
 I=[4,4,4,4] (4,27) Y=[perimeter_0,radius_2,perimeter_2,area_2] X=[17,58,62,69,70,75,76,86,99,105,113,114,124,128,131,135,136,140,151,161,166,170,175,178,186,187,196] pvalue=1.023470677918925E-43 Lifts=[0.7770419426048566, 1.7163120567375885]
 I=[4,4,4,4] (4,26) Y=[perimeter_0,area_0,perimeter_2,area_2] X=[17,58,62,70,75,76,86,99,113,114,124,128,131,135,136,140,151,161,166,169,170,175,178,186,187,196] pvalue=4.546447609248078E-42 Lifts=[0.8573611818644931, 1.4582651391162027]
 I=[0,0,0,0,4] (5,17) Y=[radius_0,perimeter_0,area_0,area_2,smoothness_2] X=[3,5,7,8,9,24,31,33,38,43,53,81,83,96,137,147,160] pvalue=9.274214866396664E-40 Lifts=[0.9255940786910791, 1.2390488110137672]
 I=[0,0,0,0,4] (5,17) Y=[perimeter_0,area_0,radius_2,area_2,smoothness_2] X=[3,5,7,8,9,24,31,33,38,43,53,81,83,96,137,147,160] pvalue=2.2761111530405705E-39 Lifts=[0.9255940786910791, 1.2390488110137672]
 I=[0,0,0,0,4] (5,17) Y=[radius_0,area_0,radius_2,area_2,smoothness_2] X=[3,5,7,8,9,24,31,33,38,43,53,81,83,96,137,147,160] pvalue=2.670731030782555E-38 Lifts=[0.9255940786910791, 1.2390488110137672]
 I=[4,4,4] (3,36) Y=[radius_0,perimeter_0,area_0] X=[2,4,17,50,58,62,70,75,76,86,98,99,109,113,114,123,124,128,131,133,135,136,140,151,159,161,166,169,170,175,178,183,186,187,193,196] pvalue=1.2867850758113152E-37 Lifts=[0.8377483443708608, 1.5212765957446808]
 I=[4,4,4,4] (4,23) Y=[area_1,radius_2,perimeter_2,area_2] X=[1,18,40,58,62,75,93,94,99,105,113,114,120,128,131,135,161,166,170,175,186,187,196] pvalue=2.0827765173494683E-37 Lifts=[0.6841347538151454, 2.014801110083256]
 I=[4,4,4] (3,35) Y=[radius_1,perimeter_1,area_1] X=[1,19,30,34,47,58,64,68,75,93,99,105,107,113,114,120,121,128,131,134,135,143,144,153,161,166,169,170,175,181,183,186,187,193,196] pvalue=4.590523697500835E-37 Lifts=[0.8991485335856196, 1.324012158054711]
 I=[0,0,0,0,4] (5,16) Y=[perimeter_0,area_0,perimeter_2,area_2,smoothness_2] X=[3,5,7,8,9,31,33,38,43,53,81,83,96,137,147,160] pvalue=7.937824214706346E-37 Lifts=[0.9014900662251654, 1.3164893617021276]
 I=[2,2,2,2] (4,21) Y=[radius_0,perimeter_0,area_0,area_2] X=[0,23,25,28,56,67,71,97,100,102,110,112,115,126,141,148,149,150,157,195,197] pvalue=3.7199699192709226E-36 Lifts=[0.9366130558183539, 1.203647416413374]
 I=[0,0,0,0,4] (5,16) Y=[radius_0,area_0,perimeter_2,area_2,smoothness_2] X=[3,5,7,8,9,31,33,38,43,53,81,83,96,137,147,160] pvalue=8.119792165367337E-36 Lifts=[0.9014900662251654, 1.3164893617021276]
 I=[3,3,3,3,3] (5,16) Y=[radius_0,perimeter_0,area_0,radius_2,area_2] X=[6,34,37,47,57,59,84,89,116,117,129,146,155,158,164,191] pvalue=1.0078660759970645E-35 Lifts=[0.9014900662251654, 1.3164893617021276]
 I=[2,2,2,2] (4,21) Y=[radius_0,area_0,radius_2,area_2] X=[0,23,25,28,56,67,71,102,110,112,115,126,141,148,149,150,153,157,184,195,197] pvalue=1.1063080256973049E-35 Lifts=[0.9366130558183539, 1.203647416413374]
 I=[0,0,0,0,4] (5,16) Y=[area_0,radius_2,perimeter_2,area_2,smoothness_2] X=[3,5,7,8,9,31,33,38,43,53,81,83,96,137,147,160] pvalue=1.8946405380298644E-35 Lifts=[0.9014900662251654, 1.3164893617021276]
 I=[4,4,4] (3,33) Y=[radius_2,perimeter_2,area_2] X=[1,17,18,40,58,62,69,70,75,76,86,93,94,99,105,113,114,120,124,128,131,135,136,140,151,161,166,170,175,178,186,187,196] pvalue=5.547528966994519E-35 Lifts=[0.7947019867549668, 1.6595744680851066]
 I=[2,2,2,2] (4,20) Y=[radius_0,perimeter_0,area_0,radius_2] X=[0,23,25,28,56,67,71,102,110,112,115,126,141,148,149,150,157,176,195,197] pvalue=2.3407004007381445E-34 Lifts=[0.852317880794702, 1.474468085106383]
 I=[4,4,4,4] (4,21) Y=[radius_1,perimeter_1,area_1,perimeter_2] X=[1,34,58,75,93,99,105,113,114,120,128,131,135,161,166,169,170,175,186,187,196] pvalue=5.271838951777736E-34 Lifts=[0.6868495742667927, 2.006079027355623]
 I=[4,4,4,4] (4,22) Y=[perimeter_0,radius_1,perimeter_1,area_1] X=[58,68,75,99,105,113,114,121,128,131,134,135,161,166,169,170,175,183,186,187,193,196] pvalue=1.3888041849357948E-33 Lifts=[0.8344370860927152, 1.5319148936170215]
 I=[4,4,4,4] (4,21) Y=[radius_1,area_1,perimeter_2,area_2] X=[1,58,62,75,93,99,105,113,114,120,128,131,135,161,166,169,170,175,186,187,196] pvalue=2.6398161536279382E-33 Lifts=[0.6868495742667927, 2.006079027355623]
 I=[4,4,4,4] (4,21) Y=[radius_1,area_1,radius_2,area_2] X=[1,58,62,75,93,99,105,113,114,120,128,131,135,161,166,170,175,186,187,193,196] pvalue=4.711691611884682E-33 Lifts=[0.6868495742667927, 2.006079027355623]
 I=[4,4,4,4] (4,21) Y=[concave_points_0,radius_1,perimeter_1,area_1] X=[1,19,47,58,68,75,99,105,107,121,128,131,134,135,166,169,170,183,186,187,196] pvalue=8.282491089645197E-33 Lifts=[0.9366130558183539, 1.203647416413374]
 I=[4,4,4,4] (4,21) Y=[radius_1,perimeter_1,area_1,area_2] X=[1,58,75,93,99,105,113,114,120,128,131,135,161,166,169,170,175,186,187,193,196] pvalue=8.282491089645434E-33 Lifts=[0.7492904446546831, 1.8054711246200608]
 I=[2,2,2,2] (4,20) Y=[perimeter_0,area_0,radius_2,area_2] X=[0,23,25,28,56,67,71,102,110,112,115,126,141,148,149,150,157,177,195,197] pvalue=3.510831633086819E-32 Lifts=[0.852317880794702, 1.474468085106383]
 I=[4,4,4,4] (4,20) Y=[concave_points_0,radius_2,perimeter_2,area_2] X=[1,58,69,75,76,86,99,105,124,128,131,135,140,151,166,170,178,186,187,196] pvalue=1.950100601152653E-31 Lifts=[0.852317880794702, 1.474468085106383]
 I=[4,4,4,4] (4,20) Y=[perimeter_1,area_1,perimeter_2,area_2] X=[1,58,75,93,99,105,113,114,120,128,131,135,161,166,169,170,175,186,187,196] pvalue=2.027502233554125E-31 Lifts=[0.7211920529801324, 1.895744680851064]
 I=[4,4,4,4] (4,20) Y=[perimeter_1,area_1,radius_2,area_2] X=[1,58,75,93,99,105,113,114,120,128,131,135,161,166,170,175,186,187,193,196] pvalue=3.5234758084171655E-31 Lifts=[0.7211920529801324, 1.895744680851064]
 I=[4,4,4,4] (4,20) Y=[concavity_0,radius_1,perimeter_1,area_1] X=[1,19,47,58,75,107,114,120,121,128,131,135,153,166,169,170,183,186,187,196] pvalue=3.6632719575037716E-31 Lifts=[0.852317880794702, 1.474468085106383]
 I=[4,4,4,4] (4,20) Y=[radius_0,perimeter_0,area_0,concave_points_0] X=[58,75,76,86,99,124,128,131,135,140,151,159,166,169,170,178,183,186,187,196] pvalue=2.0033938782939645E-30 Lifts=[0.9178807947019867, 1.2638297872340427]
 I=[4,4,4,4] (4,20) Y=[radius_0,perimeter_0,radius_1,area_1] X=[58,62,75,99,113,114,128,131,134,135,161,166,169,170,175,183,186,187,193,196] pvalue=3.6163593826540484E-30 Lifts=[0.7867549668874172, 1.6851063829787236]
 I=[0,0,0,0,0] (5,16) Y=[radius_0,area_0,radius_2,area_2,lymph_node_status] X=[3,5,31,32,33,52,53,63,66,80,83,91,104,137,160,185] pvalue=1.3908079582145427E-29 Lifts=[1.2293046357615893, 0.2632978723404255]
 I=[4,4,4,4] (4,20) Y=[perimeter_0,concave_points_0,perimeter_2,area_2] X=[58,69,75,76,86,99,105,124,128,131,135,140,151,166,169,170,178,186,187,196] pvalue=1.5870194842732516E-29 Lifts=[0.852317880794702, 1.474468085106383]
 I=[4,4,4] (3,31) Y=[perimeter_0,area_0,area_2] X=[2,17,50,58,62,70,75,76,86,98,99,109,113,114,124,128,131,135,136,140,151,161,166,169,170,175,178,186,187,193,196] pvalue=2.6049226295268235E-29 Lifts=[0.845973082674642, 1.4948524365133835]
 I=[4,4,4] (3,30) Y=[perimeter_0,radius_2,area_2] X=[2,17,58,62,69,70,75,76,86,98,99,105,113,114,124,128,131,135,136,140,151,161,166,170,175,178,186,187,193,196] pvalue=1.1545563723010563E-27 Lifts=[0.8304635761589403, 1.5446808510638295]
 I=[0,0,0,4] (4,17) Y=[perimeter_0,area_0,area_2,smoothness_2] X=[3,5,7,8,9,24,31,33,38,43,53,81,83,96,137,147,160] pvalue=3.8562678766881576E-27 Lifts=[0.9255940786910791, 1.2390488110137672]
 I=[0,0,0,0] (4,18) Y=[compactness_1,concavity_1,concave_points_1,fractal_dimension_1] X=[17,32,36,39,56,63,73,78,79,85,109,111,112,113,156,176,179,180] pvalue=8.68624632160952E-27 Lifts=[0.8741721854304635, 1.4042553191489362]
 I=[0,0,0,4] (4,17) Y=[radius_0,area_0,area_2,smoothness_2] X=[3,5,7,8,9,24,31,33,38,43,53,81,83,96,137,147,160] pvalue=4.402536312831605E-26 Lifts=[0.9255940786910791, 1.2390488110137672]
 I=[3,3,3,3] (4,17) Y=[radius_0,perimeter_0,area_0,area_2] X=[6,34,37,47,57,59,84,89,116,117,122,129,146,155,158,164,191] pvalue=8.550172270474514E-26 Lifts=[0.9255940786910791, 1.2390488110137672]
 I=[0,0,0,4] (4,17) Y=[area_0,radius_2,area_2,smoothness_2] X=[3,5,7,8,9,24,31,33,38,43,53,81,83,96,137,147,160] pvalue=1.068184766067931E-25 Lifts=[0.9255940786910791, 1.2390488110137672]
 I=[4,4,4] (3,28) Y=[perimeter_0,perimeter_2,area_2] X=[17,58,62,69,70,75,76,86,99,105,113,114,124,128,131,135,136,140,151,161,166,169,170,175,178,186,187,196] pvalue=1.9193075394687993E-25 Lifts=[0.7961210974456008, 1.655015197568389]
 I=[3,3,3,3] (4,17) Y=[radius_0,perimeter_0,area_0,radius_2] X=[6,26,34,37,47,57,59,84,89,116,117,129,146,155,158,164,191] pvalue=5.522122921364432E-25 Lifts=[0.9255940786910791, 1.2390488110137672]
 I=[0,0,4,4] (4,16) Y=[radius_0,area_0,smoothness_2,fractal_dimension_2] X=[3,5,7,8,9,24,31,38,42,53,81,87,96,137,147,160] pvalue=8.012263831918416E-25 Lifts=[0.9014900662251654, 1.3164893617021276]
 I=[3,3,3,3] (4,16) Y=[perimeter_0,area_0,radius_2,area_2] X=[6,34,37,47,57,59,84,89,116,117,129,146,155,158,164,191] pvalue=1.0517444001138247E-24 Lifts=[0.9014900662251654, 1.3164893617021276]
 I=[0,0,0,0] (4,17) Y=[smoothness_1,compactness_1,concavity_1,fractal_dimension_1] X=[17,32,36,39,56,78,79,85,102,111,112,113,156,176,177,179,180] pvalue=1.9364015077608503E-24 Lifts=[0.8484612388001558, 1.4868585732165207]
 I=[0,0,0,0] (4,16) Y=[smoothness_1,compactness_1,concavity_1,concave_points_1] X=[10,17,32,36,39,56,78,79,85,111,112,113,156,176,179,180] pvalue=2.8273526450531173E-24 Lifts=[0.9014900662251654, 1.3164893617021276]
 I=[0,0,0,4] (4,16) Y=[area_0,perimeter_2,area_2,smoothness_2] X=[3,5,7,8,9,31,33,38,43,53,81,83,96,137,147,160] pvalue=6.393285912956081E-24 Lifts=[0.9014900662251654, 1.3164893617021276]
 I=[0,0,0,4] (4,16) Y=[radius_2,perimeter_2,area_2,smoothness_2] X=[3,5,7,8,9,31,33,38,43,53,81,83,96,137,147,160] pvalue=1.474434161755001E-23 Lifts=[0.9014900662251654, 1.3164893617021276]
 I=[0,0,0,0] (4,16) Y=[smoothness_1,concavity_1,concave_points_1,fractal_dimension_1] X=[17,32,36,39,56,77,78,79,85,111,112,113,156,176,179,180] pvalue=4.182771277294384E-23 Lifts=[0.9014900662251654, 1.3164893617021276]
 I=[0,0,0,0] (4,16) Y=[smoothness_1,compactness_1,concave_points_1,fractal_dimension_1] X=[17,32,36,39,56,78,79,85,111,112,113,149,156,176,179,180] pvalue=6.380369883468793E-23 Lifts=[0.9014900662251654, 1.3164893617021276]
 I=[2,2,2] (3,22) Y=[radius_0,area_0,radius_2] X=[0,23,25,28,56,67,71,102,110,112,115,126,141,148,149,150,153,157,176,184,195,197] pvalue=1.496418807855865E-22 Lifts=[0.8940397350993378, 1.3404255319148937]
 I=[4,4,4] (3,24) Y=[area_1,perimeter_2,area_2] X=[1,18,40,58,62,75,93,94,99,105,113,114,120,128,131,135,161,166,169,170,175,186,187,196] pvalue=6.3137535166899E-22 Lifts=[0.7102649006622517, 1.930851063829787]
 I=[4,4,4] (3,24) Y=[area_1,radius_2,area_2] X=[1,18,40,58,62,75,93,94,99,105,113,114,120,128,131,135,161,166,170,175,186,187,193,196] pvalue=1.1849880544144814E-21 Lifts=[0.7102649006622517, 1.930851063829787]
 I=[2,2,2] (3,22) Y=[perimeter_0,area_0,area_2] X=[0,23,25,28,56,67,71,97,100,102,110,112,115,126,141,148,149,150,157,177,195,197] pvalue=9.842623374262478E-21 Lifts=[0.8940397350993378, 1.3404255319148937]
 I=[0,0,0] (3,24) Y=[compactness_1,concavity_1,fractal_dimension_1] X=[14,17,30,32,36,39,56,63,73,78,79,85,102,109,111,112,113,122,156,161,176,177,179,180] pvalue=1.7179852261866785E-20 Lifts=[0.8741721854304636, 1.4042553191489362]
 I=[0,0,0] (3,24) Y=[compactness_1,concavity_1,fractal_dimension_1] X=[14,17,30,32,36,39,56,63,73,78,79,85,102,109,111,112,113,122,156,161,176,177,179,180] pvalue=1.7179852261866785E-20 Lifts=[0.8741721854304636, 1.4042553191489362]
 I=[2,2,2] (3,22) Y=[area_0,radius_2,area_2] X=[0,23,25,28,56,67,71,102,110,112,115,126,141,148,149,150,153,157,177,184,195,197] pvalue=2.9223114828226543E-20 Lifts=[0.8940397350993378, 1.3404255319148937]
 I=[2,2,2] (3,23) Y=[perimeter_0,radius_2,area_2] X=[0,15,23,25,27,28,56,67,71,102,107,110,112,115,126,141,148,149,150,157,177,195,197] pvalue=3.6087383090483875E-20 Lifts=[0.8551684422689317, 1.4653098982423682]
 I=[4,4,4] (3,22) Y=[radius_1,area_1,perimeter_2] X=[1,34,58,62,75,93,99,105,113,114,120,128,131,135,161,166,169,170,175,186,187,196] pvalue=3.666942869714518E-20 Lifts=[0.6556291390728476, 2.1063829787234045]
 I=[2,2,2] (3,21) Y=[radius_0,perimeter_0,area_2] X=[0,23,25,28,56,67,71,97,100,102,110,112,115,126,141,148,149,150,157,195,197] pvalue=9.590813178600588E-20 Lifts=[0.9366130558183539, 1.203647416413374]
 I=[2,2,2] (3,21) Y=[perimeter_0,area_0,radius_2] X=[0,23,25,28,56,67,71,102,110,112,115,126,141,148,149,150,157,176,177,195,197] pvalue=1.08116979138414E-19 Lifts=[0.8117313150425733, 1.6048632218844985]
 I=[4,4,4] (3,23) Y=[perimeter_0,radius_1,area_1] X=[58,62,68,75,99,105,113,114,121,128,131,134,135,161,166,169,170,175,183,186,187,193,196] pvalue=4.513745773561682E-19 Lifts=[0.7981572127843363, 1.6484736355226641]
 I=[4,4,4] (3,23) Y=[perimeter_0,perimeter_1,area_1] X=[58,68,75,99,105,113,114,121,128,131,134,135,161,166,169,170,175,183,186,187,189,193,196] pvalue=4.513745773561682E-19 Lifts=[0.8551684422689317, 1.4653098982423682]
 I=[4,4,4] (3,22) Y=[radius_1,area_1,area_2] X=[1,58,62,75,93,99,105,113,114,120,128,131,135,161,166,169,170,175,186,187,193,196] pvalue=5.68829300178332E-19 Lifts=[0.7152317880794702, 1.9148936170212767]
 I=[4,4,4] (3,21) Y=[perimeter_1,area_1,perimeter_2] X=[1,34,58,75,93,99,105,113,114,120,128,131,135,161,166,169,170,175,186,187,196] pvalue=6.257596286381787E-19 Lifts=[0.6868495742667927, 2.006079027355623]
 I=[0,0,0] (3,21) Y=[compactness_1,concavity_1,concave_points_1] X=[10,17,32,36,39,56,63,73,78,79,85,109,111,112,113,115,147,156,176,179,180] pvalue=6.518932132422005E-19 Lifts=[0.8741721854304635, 1.404255319148936]
 I=[0,0,0] (3,21) Y=[compactness_1,concavity_1,concave_points_1] X=[10,17,32,36,39,56,63,73,78,79,85,109,111,112,113,115,147,156,176,179,180] pvalue=6.518932132422005E-19 Lifts=[0.8741721854304635, 1.404255319148936]
 I=[0,0,0,0] (4,17) Y=[radius_2,perimeter_2,area_2,lymph_node_status] X=[3,5,12,31,32,33,53,63,66,80,83,91,104,137,138,160,185] pvalue=7.499510014866015E-19 Lifts=[1.2341254382547724, 0.24780976220275347]
 I=[0,0,0,0] (4,16) Y=[radius_0,area_0,area_2,lymph_node_status] X=[3,5,31,32,33,52,53,63,66,80,83,91,104,137,160,185] pvalue=3.562840154855885E-18 Lifts=[1.2293046357615893, 0.2632978723404255]
 I=[4,4,4] (3,21) Y=[concave_points_0,perimeter_2,area_2] X=[1,58,69,75,76,86,99,105,124,128,131,135,140,151,166,169,170,178,186,187,196] pvalue=4.75249402476954E-18 Lifts=[0.8741721854304635, 1.404255319148936]
 I=[3,3,3] (3,19) Y=[radius_1,perimeter_1,area_1] X=[4,17,37,50,57,59,65,67,69,70,76,89,116,127,151,157,158,171,184] pvalue=4.893614264987396E-18 Lifts=[0.7591495294527709, 1.7737961926091828]
 I=[2,2,2] (3,20) Y=[perimeter_0,radius_2,perimeter_2] X=[0,15,23,25,27,28,67,71,102,107,110,112,115,126,141,148,149,157,176,195] pvalue=5.9178159630531434E-18 Lifts=[0.9178807947019867, 1.2638297872340427]
 I=[4,4,4] (3,22) Y=[radius_0,perimeter_0,concave_points_0] X=[58,75,76,86,99,124,128,131,134,135,140,145,151,159,166,169,170,178,183,186,187,196] pvalue=6.103891448792379E-18 Lifts=[0.8940397350993378, 1.3404255319148937]
 I=[0,0,0,0] (4,16) Y=[area_0,radius_2,area_2,lymph_node_status] X=[3,5,31,32,33,52,53,63,66,80,83,91,104,137,160,185] pvalue=8.07144723933407E-18 Lifts=[1.2293046357615893, 0.2632978723404255]
 I=[4,4,4] (3,21) Y=[perimeter_1,area_1,area_2] X=[1,58,75,93,99,105,113,114,120,128,131,135,161,166,169,170,175,186,187,193,196] pvalue=8.546132773533413E-18 Lifts=[0.7492904446546831, 1.8054711246200608]
 I=[4,4,4] (3,21) Y=[fractal_dimension_0,smoothness_2,fractal_dimension_2] X=[1,3,5,7,8,9,13,15,24,38,42,53,54,55,81,87,96,106,137,160,162] pvalue=1.8063194600819285E-17 Lifts=[0.9366130558183539, 1.203647416413374]
 I=[4,4,4] (3,21) Y=[fractal_dimension_0,smoothness_2,fractal_dimension_2] X=[1,3,5,7,8,9,13,15,24,38,42,53,54,55,81,87,96,106,137,160,162] pvalue=1.8063194600819285E-17 Lifts=[0.9366130558183539, 1.203647416413374]
 I=[4,4,4] (3,22) Y=[perimeter_0,concavity_0,concave_points_0] X=[58,60,69,75,76,86,121,124,128,131,135,140,145,159,166,169,170,178,183,186,187,196] pvalue=3.0809445890695856E-17 Lifts=[0.8344370860927152, 1.5319148936170215]
 I=[4,4,4] (3,20) Y=[concavity_0,perimeter_2,area_2] X=[1,58,69,75,76,86,114,120,124,128,131,135,140,166,169,170,178,186,187,196] pvalue=4.360363151745712E-17 Lifts=[0.7867549668874172, 1.6851063829787236]
 I=[0,0,4] (3,19) Y=[radius_0,area_0,smoothness_2] X=[3,5,7,8,9,24,31,33,38,42,43,53,81,83,87,96,137,147,160] pvalue=1.0117122422247653E-16 Lifts=[0.8971767166260022, 1.330347144456887]
 I=[0,0,0] (3,20) Y=[concavity_1,concave_points_1,fractal_dimension_1] X=[17,32,36,39,56,61,63,73,77,78,79,85,109,111,112,113,156,176,179,180] pvalue=2.489008655833719E-16 Lifts=[0.9178807947019867, 1.2638297872340427]
 I=[0,0,0] (3,20) Y=[concavity_1,concave_points_1,fractal_dimension_1] X=[17,32,36,39,56,61,63,73,77,78,79,85,109,111,112,113,156,176,179,180] pvalue=2.489008655833719E-16 Lifts=[0.9178807947019867, 1.2638297872340427]
 I=[4,4,4] (3,20) Y=[perimeter_0,area_0,concave_points_0] X=[58,75,76,86,99,124,128,131,135,140,151,159,166,169,170,178,183,186,187,196] pvalue=6.25930326638924E-16 Lifts=[0.9178807947019867, 1.2638297872340427]
 I=[4,4,4] (3,20) Y=[radius_0,perimeter_0,concavity_0] X=[58,75,76,86,114,124,128,131,135,140,145,159,166,169,170,178,183,186,187,196] pvalue=6.579370561709042E-16 Lifts=[0.7867549668874172, 1.6851063829787236]
 I=[1,1,1] (3,20) Y=[radius_0,area_0,area_1] X=[10,12,14,16,22,27,41,44,49,54,61,74,77,125,138,142,154,163,179,194] pvalue=1.1129959777665055E-15 Lifts=[1.2456953642384105, 0.21063829787234045]
 I=[1,1,1] (3,20) Y=[radius_0,area_0,area_1] X=[10,12,14,16,22,27,41,44,49,54,61,74,77,125,138,142,154,163,179,194] pvalue=1.1129959777665055E-15 Lifts=[1.2456953642384105, 0.21063829787234045]
 I=[0,0,0] (3,17) Y=[smoothness_0,fractal_dimension_0,smoothness_2] X=[12,56,59,70,71,79,110,111,123,142,156,161,177,179,181,193,195] pvalue=1.6141378985430392E-15 Lifts=[0.9255940786910791, 1.2390488110137672]
 I=[0,0,0] (3,20) Y=[smoothness_1,compactness_1,fractal_dimension_1] X=[17,32,36,39,56,78,79,85,102,103,111,112,113,123,149,156,176,177,179,180] pvalue=1.775630903994698E-15 Lifts=[0.9178807947019867, 1.2638297872340427]
 I=[0,0,0] (3,20) Y=[smoothness_1,compactness_1,fractal_dimension_1] X=[17,32,36,39,56,78,79,85,102,103,111,112,113,123,149,156,176,177,179,180] pvalue=1.775630903994698E-15 Lifts=[0.9178807947019867, 1.2638297872340427]
 I=[1,1,1] (3,17) Y=[radius_1,perimeter_1,area_1] X=[12,13,28,41,43,54,61,74,81,104,112,115,125,138,150,163,167] pvalue=3.647981403239785E-15 Lifts=[0.8484612388001558, 1.4868585732165207]
 I=[0,0,0] (3,18) Y=[smoothness_1,concavity_1,concave_points_1] X=[10,17,32,36,39,46,56,77,78,79,85,111,112,113,156,176,179,180] pvalue=3.664918718930881E-15 Lifts=[0.8741721854304635, 1.4042553191489362]
 I=[0,0,0] (3,18) Y=[smoothness_1,compactness_1,concavity_1] X=[10,17,32,36,39,56,78,79,85,102,111,112,113,156,176,177,179,180] pvalue=9.052498722195532E-15 Lifts=[0.8741721854304635, 1.4042553191489362]
 I=[3,3,3] (3,17) Y=[perimeter_0,area_0,area_2] X=[6,34,37,47,57,59,84,89,116,117,122,129,146,155,158,164,191] pvalue=1.8361570874626716E-14 Lifts=[0.9255940786910791, 1.2390488110137672]
 I=[0,0,0] (3,17) Y=[compactness_0,fractal_dimension_1,fractal_dimension_2] X=[30,32,56,59,73,79,111,123,142,152,163,173,176,177,179,182,195] pvalue=1.9761340094343676E-14 Lifts=[0.9255940786910791, 1.2390488110137672]
 I=[0,4,4] (3,17) Y=[radius_0,smoothness_2,fractal_dimension_2] X=[3,5,7,8,9,13,24,31,38,42,53,81,87,96,137,147,160] pvalue=2.1371525924526043E-14 Lifts=[0.8484612388001558, 1.4868585732165207]
 I=[4,4,4] (3,17) Y=[compactness_1,concavity_1,concave_points_1] X=[3,16,34,47,82,86,90,107,121,130,134,153,154,162,169,174,175] pvalue=2.1371525924526043E-14 Lifts=[1.2341254382547724, 0.24780976220275347]
 I=[0,0,0] (3,16) Y=[compactness_0,concavity_1,concave_points_1] X=[10,32,39,56,63,73,77,79,88,111,112,115,156,176,179,180] pvalue=3.253778137761215E-14 Lifts=[0.9014900662251654, 1.3164893617021276]
 I=[0,0,0] (3,16) Y=[texture_0,texture_1,texture_2] X=[2,4,5,16,23,37,46,47,74,88,104,131,136,149,161,180] pvalue=3.375899190718938E-14 Lifts=[0.7375827814569536, 1.8430851063829785]
 I=[4,4,4] (3,17) Y=[compactness_0,symmetry_0,concave_points_2] X=[1,3,16,19,20,34,58,76,86,106,107,124,130,137,140,169,183] pvalue=4.976582517214337E-14 Lifts=[1.2341254382547724, 0.24780976220275347]
 I=[0,0,4] (3,17) Y=[area_0,area_2,smoothness_2] X=[3,5,7,8,9,24,31,33,38,43,53,81,83,96,137,147,160] pvalue=7.355236721151807E-14 Lifts=[0.9255940786910791, 1.2390488110137672]
 I=[0,0,0] (3,17) Y=[compactness_0,fractal_dimension_1,compactness_2] X=[14,30,32,39,56,59,63,73,111,123,142,152,163,173,177,179,195] pvalue=7.509998107591954E-14 Lifts=[0.9255940786910791, 1.2390488110137672]
 I=[4,4,4] (3,17) Y=[fractal_dimension_0,concavity_1,fractal_dimension_1] X=[1,3,9,42,47,53,55,58,80,107,121,130,153,162,168,169,187] pvalue=7.509998107592007E-14 Lifts=[1.2341254382547724, 0.24780976220275347]
 I=[4,4,4] (3,18) Y=[compactness_0,fractal_dimension_0,compactness_1] X=[1,3,9,16,42,58,76,80,106,107,121,130,137,153,162,168,169,192] pvalue=9.869481327215348E-14 Lifts=[1.2384105960264897, 0.23404255319148937]
 I=[3,3,3] (3,17) Y=[perimeter_0,area_0,radius_2] X=[6,26,34,37,47,57,59,84,89,116,117,129,146,155,158,164,191] pvalue=1.0632083829551749E-13 Lifts=[0.9255940786910791, 1.2390488110137672]
 I=[0,0,4] (3,17) Y=[radius_2,perimeter_2,smoothness_2] X=[3,5,7,8,9,31,33,38,43,44,53,81,83,96,137,147,160] pvalue=1.13114946006582E-13 Lifts=[0.9255940786910791, 1.2390488110137672]
 I=[0,0,0] (3,18) Y=[smoothness_1,concavity_1,fractal_dimension_1] X=[17,32,36,39,56,77,78,79,85,102,111,112,113,156,176,177,179,180] pvalue=1.515397883384656E-13 Lifts=[0.8741721854304635, 1.4042553191489362]
 I=[4,4,4] (3,16) Y=[compactness_0,compactness_2,fractal_dimension_2] X=[1,3,8,9,20,42,45,52,76,80,130,137,153,162,168,192] pvalue=2.7865300915947063E-13 Lifts=[1.2293046357615893, 0.2632978723404255]
 I=[0,4,4] (3,16) Y=[area_0,smoothness_2,fractal_dimension_2] X=[3,5,7,8,9,24,31,38,42,53,81,87,96,137,147,160] pvalue=2.8463344568816297E-13 Lifts=[0.9014900662251654, 1.3164893617021276]
 I=[0,0,0] (3,16) Y=[concavity_0,smoothness_1,concavity_1] X=[10,32,36,39,46,56,77,78,79,111,112,156,177,179,180,193] pvalue=4.1070411487044014E-13 Lifts=[0.9014900662251654, 1.3164893617021276]
 I=[0,4,4] (3,17) Y=[radius_0,fractal_dimension_0,smoothness_2] X=[3,5,7,8,9,13,24,33,38,42,53,81,83,87,96,137,160] pvalue=4.730537698272363E-13 Lifts=[0.9255940786910791, 1.2390488110137672]
 I=[4,4,4] (3,16) Y=[compactness_1,concavity_1,concave_points_2] X=[1,3,9,16,34,47,58,86,107,130,134,162,168,169,174,187] pvalue=6.365118385488421E-13 Lifts=[1.2293046357615893, 0.2632978723404255]
 I=[0,4,4] (3,17) Y=[radius_0,fractal_dimension_0,fractal_dimension_2] X=[3,5,7,8,9,13,24,38,42,53,80,81,87,92,96,137,160] pvalue=7.251222207135164E-13 Lifts=[0.9255940786910791, 1.2390488110137672]
 I=[4,4,4] (3,16) Y=[compactness_0,concavity_0,symmetry_0] X=[1,3,19,58,76,86,106,107,121,124,130,140,154,169,178,183] pvalue=9.269565099752425E-13 Lifts=[1.3112582781456954, 0.0]
 I=[0,0,0] (3,16) Y=[compactness_0,concavity_1,fractal_dimension_1] X=[14,30,32,39,56,63,73,77,79,111,112,156,176,177,179,180] pvalue=9.274213886733271E-13 Lifts=[0.9014900662251654, 1.3164893617021276]
 I=[0,0,0] (3,17) Y=[smoothness_1,concave_points_1,fractal_dimension_1] X=[17,32,36,39,56,77,78,79,85,111,112,113,149,156,176,179,180] pvalue=1.075575567818472E-12 Lifts=[0.9255940786910791, 1.2390488110137672]
 I=[4,4,4] (3,16) Y=[compactness_0,fractal_dimension_0,fractal_dimension_1] X=[1,3,9,19,42,58,80,106,107,121,130,153,162,168,169,192] pvalue=1.3767925334376014E-12 Lifts=[1.2293046357615893, 0.2632978723404255]
 I=[4,4,4] (3,16) Y=[concavity_0,concave_points_0,symmetry_0] X=[1,19,25,47,60,76,86,106,107,121,124,130,140,169,178,183] pvalue=1.983278371289616E-12 Lifts=[1.3112582781456954, 0.0]
 I=[0,0,4] (3,16) Y=[perimeter_2,area_2,smoothness_2] X=[3,5,7,8,9,31,33,38,43,53,81,83,96,137,147,160] pvalue=1.983278371289616E-12 Lifts=[0.9014900662251654, 1.3164893617021276]
 I=[4,4,4] (3,16) Y=[concavity_0,fractal_dimension_0,fractal_dimension_1] X=[1,3,9,19,42,47,55,58,106,107,121,130,153,168,169,187] pvalue=2.022288163634521E-12 Lifts=[1.2293046357615893, 0.2632978723404255]
 I=[0,0,0] (3,16) Y=[fractal_dimension_1,compactness_2,fractal_dimension_2] X=[30,32,56,59,73,111,123,142,152,161,163,171,173,177,179,195] pvalue=2.2599943525167217E-12 Lifts=[0.9014900662251654, 1.3164893617021276]
 I=[0,0,0] (3,16) Y=[compactness_1,symmetry_1,fractal_dimension_1] X=[17,30,32,36,39,78,79,103,109,111,112,113,122,149,163,176] pvalue=3.3480693242433728E-12 Lifts=[0.9014900662251654, 1.3164893617021276]
 I=[4,0,0] (3,17) Y=[fractal_dimension_0,area_1,area_2] X=[3,5,8,9,20,33,35,38,66,80,92,96,137,162,168,185,192] pvalue=3.681758567574494E-12 Lifts=[1.2341254382547724, 0.24780976220275347]
 I=[4,4,4] (3,16) Y=[compactness_0,fractal_dimension_0,compactness_2] X=[1,3,8,9,16,20,42,76,80,107,130,137,153,162,168,192] pvalue=5.11730885221545E-12 Lifts=[1.2293046357615893, 0.2632978723404255]
 I=[4,4,4] (3,16) Y=[fractal_dimension_0,symmetry_2,fractal_dimension_2] X=[1,3,8,9,13,19,20,24,38,76,80,87,130,137,168,192] pvalue=5.22528415210615E-12 Lifts=[1.2293046357615893, 0.2632978723404255]
 I=[3,3,3] (3,16) Y=[radius_0,area_0,perimeter_1] X=[21,37,40,57,59,69,72,89,94,116,127,129,139,146,158,191] pvalue=5.646207243804422E-12 Lifts=[0.9014900662251654, 1.3164893617021276]
 I=[1,1,1] (3,16) Y=[perimeter_0,area_0,area_1] X=[10,12,13,14,16,22,41,44,49,54,74,77,142,163,179,194] pvalue=5.779769441293453E-12 Lifts=[1.2293046357615893, 0.2632978723404255]
 I=[4,4,4] (3,16) Y=[compactness_0,symmetry_0,fractal_dimension_0] X=[1,3,8,15,16,19,20,58,76,80,106,107,121,130,137,169] pvalue=7.724892783366334E-12 Lifts=[1.2293046357615893, 0.2632978723404255]
 I=[4,4,4] (3,16) Y=[fractal_dimension_0,compactness_1,concavity_1] X=[1,3,9,16,42,47,58,80,107,121,130,153,162,168,169,187] pvalue=7.80363704005318E-12 Lifts=[1.2293046357615893, 0.2632978723404255]
 I=[4,4,4] (3,16) Y=[compactness_0,fractal_dimension_0,concave_points_2] X=[1,3,9,16,19,20,58,76,106,107,130,137,162,166,168,169] pvalue=1.70021967448396E-11 Lifts=[1.3112582781456954, 0.0]
 I=[4,4,4] (3,16) Y=[fractal_dimension_0,concavity_1,concavity_2] X=[1,3,9,16,42,47,53,55,58,80,107,130,162,168,169,187] pvalue=3.489710315898064E-11 Lifts=[1.2293046357615893, 0.2632978723404255]
 I=[0,0,0] (3,18) Y=[radius_2,perimeter_2,lymph_node_status] X=[3,5,12,31,32,33,44,53,63,66,80,83,91,104,137,138,160,185] pvalue=1.3575720611889097E-8 Lifts=[1.2384105960264897, 0.23404255319148937]
 I=[0,0,0] (3,18) Y=[radius_2,area_2,lymph_node_status] X=[3,5,12,31,32,33,52,53,63,66,80,83,91,104,137,138,160,185] pvalue=1.980017170280654E-8 Lifts=[1.2384105960264897, 0.23404255319148937]
 I=[0,0,0] (3,16) Y=[texture_0,texture_2,lymph_node_status] X=[2,4,5,16,23,37,47,53,88,104,106,131,136,149,158,180] pvalue=2.0542108264046227E-8 Lifts=[0.9014900662251654, 1.3164893617021276]
 I=[0,0,0] (3,17) Y=[area_0,area_2,lymph_node_status] X=[3,5,20,31,32,33,52,53,63,66,80,83,91,104,137,160,185] pvalue=5.049295650098661E-8 Lifts=[1.2341254382547724, 0.24780976220275347]
 I=[0,0,0] (3,17) Y=[perimeter_2,area_2,lymph_node_status] X=[3,5,12,31,32,33,53,63,66,80,83,91,104,137,138,160,185] pvalue=1.0531569575811497E-7 Lifts=[1.2341254382547724, 0.24780976220275347]
 I=[0,0,0] (3,16) Y=[concave_points_0,concave_points_2,lymph_node_status] X=[10,12,32,33,61,63,78,88,104,111,115,138,156,180,195,197] pvalue=1.9098998082896547E-7 Lifts=[1.2293046357615893, 0.2632978723404255]
