FOUND BICS:#60
 I=[4,0] (2,23) Y=[wall-motion-index,pericardial-effusion] X=[1,4,6,10,14,20,25,32,35,37,38,45,53,57,65,69,71,73,76,83,87,97,109] pvalue=0.64 Lifts=[1.766304347826087, 1.4130434782608696, 0.4186795491143317, 0.6521739130434782, 0.5383022774327122]
 I=[4,0] (2,20) Y=[lvdd,pericardial-effusion] X=[4,6,14,18,20,22,47,53,54,60,67,68,73,79,84,97,103,106,117,126] pvalue=0.55 Lifts=[1.2187499999999998, 1.0833333333333333, 1.2037037037037035, 0.5, 0.9285714285714285]
 I=[0,0] (2,17) Y=[fractional-shortening,pericardial-effusion] X=[14,18,37,45,46,47,53,57,60,68,71,73,79,82,85,105,123] pvalue=0.53 Lifts=[1.1948529411764706, 0.9558823529411765, 1.1328976034858387, 0.8823529411764706, 0.7282913165266106]
 I=[2,0] (2,17) Y=[epss,pericardial-effusion] X=[3,13,20,32,34,57,59,61,65,69,70,71,82,89,101,108,122] pvalue=0.36 Lifts=[1.4338235294117645, 0.0, 1.1328976034858387, 1.1764705882352942, 1.0924369747899159]
 I=[4,0] (2,16) Y=[epss,pericardial-effusion] X=[4,6,14,37,47,53,56,73,75,76,79,84,97,106,117,124] pvalue=0.55 Lifts=[1.77734375, 0.6770833333333333, 1.5046296296296295, 0.625, 0.0]
 I=[4,4] (2,14) Y=[epss,lvdd] X=[4,6,14,21,47,53,73,79,84,97,106,113,116,117] pvalue=2.2076301513740495E-5 Lifts=[1.450892857142857, 0.7738095238095238, 1.3756613756613756, 1.0714285714285714, 0.0]
 I=[4,3,0] (3,8) Y=[age-at-heart-attack,wall-motion-index,pericardial-effusion] X=[22,42,46,60,68,82,85,106] pvalue=0.05 Lifts=[2.03125, 1.3541666666666665, 0.0, 0.0, 1.5476190476190477]
 I=[4,4,4,0] (4,6) Y=[epss,lvdd,wall-motion-index,pericardial-effusion] X=[4,6,14,53,73,97] pvalue=2.0779693583201274E-5 Lifts=[2.03125, 1.8055555555555554, 0.802469135802469, 0.0, 0.0]
 I=[0,4,0] (3,7) Y=[fractional-shortening,wall-motion-index,pericardial-effusion] X=[14,37,45,53,57,71,73] pvalue=0.06 Lifts=[1.7410714285714284, 0.0, 0.6878306878306878, 1.4285714285714284, 0.8843537414965986]
 I=[4,3] (2,9) Y=[lvdd,wall-motion-index] X=[18,21,22,47,60,68,96,103,106] pvalue=0.09 Lifts=[1.8055555555555554, 0.6018518518518517, 1.604938271604938, 0.0, 0.6878306878306878]
 I=[2,4] (2,9) Y=[age-at-heart-attack,wall-motion-index] X=[6,14,17,35,48,83,113,116,121] pvalue=0.07 Lifts=[1.8055555555555554, 1.2037037037037035, 1.0699588477366253, 0.5555555555555555, 0.0]
 I=[4,0,0] (3,6) Y=[age-at-heart-attack,wall-motion-index,pericardial-effusion] X=[0,12,23,28,39,100] pvalue=0.48 Lifts=[1.3541666666666665, 0.9027777777777777, 0.802469135802469, 0.8333333333333333, 1.0317460317460316]
 I=[0,4,0] (3,6) Y=[fractional-shortening,epss,pericardial-effusion] X=[14,37,47,53,73,79] pvalue=0.02 Lifts=[2.03125, 0.0, 1.604938271604938, 0.8333333333333333, 0.0]
 I=[2,4,0] (3,6) Y=[epss,wall-motion-index,pericardial-effusion] X=[20,32,57,65,69,71] pvalue=0.09 Lifts=[2.708333333333333, 0.0, 0.0, 0.8333333333333333, 1.0317460317460316]
 I=[1,2,0] (3,6) Y=[fractional-shortening,epss,pericardial-effusion] X=[13,20,59,65,89,122] pvalue=0.05 Lifts=[2.03125, 0.0, 0.802469135802469, 0.8333333333333333, 1.0317460317460316]
 I=[1,3,0] (3,6) Y=[fractional-shortening,lvdd,pericardial-effusion] X=[30,59,62,64,89,124] pvalue=0.09 Lifts=[2.03125, 0.0, 1.604938271604938, 0.0, 1.0317460317460316]
 I=[4,1] (2,8) Y=[wall-motion-index,pericardial-effusion] X=[16,17,19,41,48,113,116,121] pvalue=0.12 Lifts=[2.03125, 1.3541666666666665, 0.6018518518518517, 0.625, 0.0]
 I=[2,1] (2,8) Y=[age-at-heart-attack,pericardial-effusion] X=[11,17,36,48,50,113,116,121] pvalue=0.04 Lifts=[1.5234375, 1.3541666666666665, 0.6018518518518517, 0.625, 0.7738095238095238]
 I=[3,4] (2,7) Y=[age-at-heart-attack,wall-motion-index] X=[16,19,20,37,38,45,109] pvalue=0.31 Lifts=[2.321428571428571, 1.5476190476190477, 0.0, 0.7142857142857142, 0.0]
 I=[2,4] (2,7) Y=[fractional-shortening,lvdd] X=[6,19,21,22,106,113,117] pvalue=0.09 Lifts=[2.321428571428571, 0.7738095238095238, 0.6878306878306878, 0.7142857142857142, 0.0]
 I=[3,1] (2,7) Y=[lvdd,pericardial-effusion] X=[17,31,36,49,86,111,121] pvalue=0.06 Lifts=[1.7410714285714284, 1.5476190476190477, 1.3756613756613756, 0.0, 0.0]
 I=[3,3] (2,7) Y=[epss,lvdd] X=[31,49,51,62,64,92,121] pvalue=0.06 Lifts=[1.7410714285714284, 1.5476190476190477, 0.0, 0.7142857142857142, 0.8843537414965986]
 I=[3,1] (2,7) Y=[wall-motion-index,pericardial-effusion] X=[21,29,44,50,80,96,119] pvalue=0.21 Lifts=[2.321428571428571, 0.0, 0.6878306878306878, 0.7142857142857142, 0.8843537414965986]
 I=[4,2] (2,6) Y=[age-at-heart-attack,fractional-shortening] X=[21,22,61,69,94,106] pvalue=0.15 Lifts=[2.708333333333333, 0.0, 0.802469135802469, 0.0, 1.0317460317460316]
 I=[2,4] (2,6) Y=[fractional-shortening,epss] X=[6,21,75,106,113,117] pvalue=0.08 Lifts=[2.03125, 0.9027777777777777, 0.802469135802469, 0.8333333333333333, 0.0]
 I=[2,2] (2,6) Y=[epss,lvdd] X=[3,16,63,65,70,101] pvalue=0.04 Lifts=[1.3541666666666665, 0.9027777777777777, 0.802469135802469, 0.8333333333333333, 1.0317460317460316]
 I=[4,1] (2,6) Y=[lvdd,pericardial-effusion] X=[19,21,66,96,113,116] pvalue=0.2 Lifts=[2.03125, 0.0, 0.802469135802469, 0.8333333333333333, 1.0317460317460316]
 I=[1,4] (2,6) Y=[fractional-shortening,lvdd] X=[4,20,84,96,97,103] pvalue=0.29 Lifts=[2.03125, 0.9027777777777777, 0.802469135802469, 0.8333333333333333, 0.0]
 I=[2,0] (2,16) Y=[epss,pericardial-effusion] X=[3,13,32,34,57,59,61,65,69,70,71,82,89,101,108,122] pvalue=0.46 Lifts=[1.26953125, 0.0, 1.2037037037037035, 1.25, 1.1607142857142858]
 I=[4,0,0] (3,6) Y=[age-at-heart-attack,wall-motion-index,pericardial-effusion] X=[0,12,23,28,39,100] pvalue=0.48 Lifts=[1.3541666666666665, 0.9027777777777777, 0.802469135802469, 0.8333333333333333, 1.0317460317460316]
 I=[2,1] (2,7) Y=[age-at-heart-attack,pericardial-effusion] X=[11,17,36,48,50,116,121] pvalue=0.09 Lifts=[1.7410714285714284, 1.5476190476190477, 0.6878306878306878, 0.0, 0.8843537414965986]
 I=[1,3] (2,6) Y=[fractional-shortening,lvdd] X=[30,31,62,64,86,124] pvalue=0.2 Lifts=[2.03125, 0.0, 1.604938271604938, 0.0, 1.0317460317460316]
 I=[1,0,0] (3,4) Y=[fractional-shortening,wall-motion-index,pericardial-effusion] X=[23,30,64,98] pvalue=0.84 Lifts=[2.03125, 0.0, 0.0, 1.25, 1.5476190476190477]
 I=[4,1,0,3] (4,3) Y=[fractional-shortening,epss,lvdd,wall-motion-index] X=[44,95,102] pvalue=3.418533204522948E-5 Lifts=[2.708333333333333, 0.0, 0.0, 1.6666666666666665, 0.0]
 I=[0,3] (2,5) Y=[age-at-heart-attack,lvdd] X=[8,31,49,64,92] pvalue=0.28 Lifts=[1.6249999999999998, 1.0833333333333333, 0.0, 1.0, 1.2380952380952381]
 I=[3,1] (2,5) Y=[age-at-heart-attack,pericardial-effusion] X=[16,19,44,63,96] pvalue=0.38 Lifts=[3.2499999999999996, 1.0833333333333333, 0.0, 0.0, 0.0]
 I=[0,1] (2,5) Y=[fractional-shortening,pericardial-effusion] X=[17,49,63,80,119] pvalue=0.22 Lifts=[1.6249999999999998, 1.0833333333333333, 0.9629629629629629, 0.0, 1.2380952380952381]
 I=[4,0] (2,5) Y=[epss,pericardial-effusion] X=[37,56,75,76,124] pvalue=0.99 Lifts=[2.4374999999999996, 0.0, 1.9259259259259258, 0.0, 0.0]
 I=[4,2,0] (3,3) Y=[age-at-heart-attack,epss,pericardial-effusion] X=[61,69,82] pvalue=0.38 Lifts=[2.708333333333333, 0.0, 1.604938271604938, 0.0, 0.0]
 I=[0,1,0] (3,3) Y=[fractional-shortening,lvdd,pericardial-effusion] X=[82,85,105] pvalue=0.56 Lifts=[2.708333333333333, 0.0, 1.604938271604938, 0.0, 0.0]
 I=[2,1,0] (3,3) Y=[age-at-heart-attack,epss,pericardial-effusion] X=[102,107,110] pvalue=0.58 Lifts=[2.708333333333333, 0.0, 0.0, 1.6666666666666665, 0.0]
 I=[3,1] (2,3) Y=[age-at-heart-attack,fractional-shortening] X=[30,96,118] pvalue=0.81 Lifts=[2.708333333333333, 1.8055555555555554, 0.0, 0.0, 0.0]
 I=[1,1] (2,3) Y=[fractional-shortening,pericardial-effusion] X=[31,86,96] pvalue=0.73 Lifts=[2.708333333333333, 0.0, 1.604938271604938, 0.0, 0.0]
 I=[0,3,1] (3,2) Y=[age-at-heart-attack,lvdd,pericardial-effusion] X=[31,49] pvalue=0.04 Lifts=[4.0625, 0.0, 0.0, 0.0, 0.0]
 I=[4,2,0] (3,2) Y=[epss,lvdd,pericardial-effusion] X=[75,76] pvalue=0.52 Lifts=[4.0625, 0.0, 0.0, 0.0, 0.0]
 I=[3,4,1,0,3,1] (6,1) Y=[age-at-heart-attack,fractional-shortening,epss,lvdd,wall-motion-index,pericardial-effusion] X=[44] pvalue=2.2801364117972916E-5 Lifts=[4.0625, 0.0, 0.0, 0.0, 0.0]
 I=[4,1,0,2,0,0] (6,1) Y=[age-at-heart-attack,fractional-shortening,epss,lvdd,wall-motion-index,pericardial-effusion] X=[23] pvalue=8.712157518848387E-4 Lifts=[4.0625, 0.0, 0.0, 0.0, 0.0]
 I=[2,3,1,1,0,0] (6,1) Y=[age-at-heart-attack,fractional-shortening,epss,lvdd,wall-motion-index,pericardial-effusion] X=[107] pvalue=0.0019064891667612508 Lifts=[4.0625, 0.0, 0.0, 0.0, 0.0]
 I=[2,4,1,0,3,0] (6,1) Y=[age-at-heart-attack,fractional-shortening,epss,lvdd,wall-motion-index,pericardial-effusion] X=[102] pvalue=3.761200669836261E-4 Lifts=[4.0625, 0.0, 0.0, 0.0, 0.0]
 I=[3,3,2,4,1] (5,1) Y=[age-at-heart-attack,fractional-shortening,epss,wall-motion-index,pericardial-effusion] X=[16] pvalue=7.500801640365527E-4 Lifts=[4.0625, 0.0, 0.0, 0.0, 0.0]
 I=[3,1,3,0,0] (5,1) Y=[age-at-heart-attack,fractional-shortening,lvdd,wall-motion-index,pericardial-effusion] X=[30] pvalue=0.02 Lifts=[4.0625, 0.0, 0.0, 0.0, 0.0]
 I=[4,0,2,1,0] (5,1) Y=[age-at-heart-attack,fractional-shortening,epss,lvdd,pericardial-effusion] X=[82] pvalue=0.006436731017077207 Lifts=[4.0625, 0.0, 0.0, 0.0, 0.0]
 I=[4,0,3,1,0] (5,1) Y=[age-at-heart-attack,fractional-shortening,epss,lvdd,pericardial-effusion] X=[85] pvalue=0.009127366920651315 Lifts=[4.0625, 0.0, 0.0, 0.0, 0.0]
 I=[1,1,3,3,0] (5,1) Y=[age-at-heart-attack,fractional-shortening,lvdd,wall-motion-index,pericardial-effusion] X=[62] pvalue=0.01 Lifts=[4.0625, 0.0, 0.0, 0.0, 0.0]
 I=[0,1,2,1] (4,1) Y=[age-at-heart-attack,fractional-shortening,wall-motion-index,pericardial-effusion] X=[31] pvalue=0.01 Lifts=[4.0625, 0.0, 0.0, 0.0, 0.0]
 I=[3,2,2,0] (4,1) Y=[age-at-heart-attack,lvdd,wall-motion-index,pericardial-effusion] X=[75] pvalue=0.11 Lifts=[4.0625, 0.0, 0.0, 0.0, 0.0]
 I=[2,0,4,1] (4,1) Y=[age-at-heart-attack,fractional-shortening,epss,pericardial-effusion] X=[17] pvalue=0.007273584385130898 Lifts=[4.0625, 0.0, 0.0, 0.0, 0.0]
 I=[3,2,1] (3,1) Y=[age-at-heart-attack,fractional-shortening,pericardial-effusion] X=[19] pvalue=0.22 Lifts=[4.0625, 0.0, 0.0, 0.0, 0.0]
 I=[3,1,1] (3,1) Y=[age-at-heart-attack,fractional-shortening,pericardial-effusion] X=[96] pvalue=0.27 Lifts=[4.0625, 0.0, 0.0, 0.0, 0.0]
 I=[0,3,1] (3,1) Y=[fractional-shortening,lvdd,pericardial-effusion] X=[49] pvalue=0.16 Lifts=[4.0625, 0.0, 0.0, 0.0, 0.0]

1.000;4.000;0.000;0.000;0.000;0.000;0.000;0.000;0.000;0.000;0.000;0.000;0.000;0.000;0.000;0.000;0.000;0.000;0.000;0.000;0.000;0.000;0.000;
3.000;0.000;0.000;0.000;0.000;0.000;0.000;0.000;0.000;0.000;0.000;0.000;0.000;0.000;0.000;0.000;0.000;0.000;0.000;0.000;0.000;0.000;0.000;



3.000;0.000;0.000;0.000;0.000;0.000;0.000;0.000;0.000;0.000;0.000;0.000;0.000;0.000;0.000;0.000;0.000;0.000;0.000;0.000;
0.000;0.000;0.000;0.000;0.000;0.000;0.000;0.000;0.000;0.000;0.000;0.000;0.000;0.000;0.000;0.000;0.000;0.000;0.000;0.000;



0.000;0.000;0.000;0.000;0.000;0.000;0.000;0.000;0.000;0.000;0.000;0.000;0.000;0.000;0.000;0.000;0.000;
0.000;0.000;0.000;0.000;0.000;0.000;0.000;0.000;0.000;0.000;0.000;0.000;0.000;0.000;0.000;0.000;0.000;



0.000;0.000;0.000;0.000;0.000;0.000;0.000;0.000;0.000;0.000;0.000;0.000;0.000;0.000;0.000;0.000;0.000;
1.000;0.000;0.000;0.000;0.000;0.000;0.000;0.000;0.000;0.000;0.000;0.000;0.000;0.000;0.000;0.000;0.000;



0.000;0.000;0.000;0.000;0.000;0.000;0.000;0.000;0.000;0.000;0.000;0.000;0.000;0.000;0.000;0.000;
0.000;0.000;0.000;0.000;0.000;0.000;0.000;0.000;0.000;0.000;0.000;0.000;0.000;0.000;0.000;0.000;



0.000;0.000;0.000;0.000;0.000;0.000;0.000;0.000;0.000;0.000;0.000;0.000;0.000;0.000;
3.000;0.000;0.000;0.000;0.000;0.000;0.000;0.000;0.000;0.000;0.000;0.000;0.000;0.000;



0.000;0.000;0.000;0.000;0.000;0.000;0.000;0.000;
0.000;0.000;0.000;0.000;0.000;0.000;0.000;0.000;
0.000;0.000;0.000;0.000;0.000;0.000;0.000;0.000;



0.000;0.000;0.000;0.000;0.000;0.000;
3.000;0.000;0.000;0.000;0.000;0.000;
4.000;0.000;0.000;0.000;0.000;0.000;
0.000;0.000;0.000;0.000;0.000;0.000;



0.000;0.000;0.000;0.000;0.000;0.000;0.000;
0.000;0.000;0.000;0.000;0.000;0.000;0.000;
0.000;0.000;0.000;0.000;0.000;0.000;0.000;



0.000;0.000;0.000;0.000;0.000;0.000;0.000;0.000;0.000;
0.000;0.000;0.000;0.000;0.000;0.000;0.000;0.000;0.000;



0.000;0.000;0.000;0.000;0.000;0.000;0.000;0.000;0.000;
0.000;0.000;0.000;0.000;0.000;0.000;0.000;0.000;0.000;



4.000;0.000;0.000;0.000;0.000;0.000;
1.000;0.000;0.000;0.000;0.000;0.000;
3.000;0.000;0.000;0.000;0.000;0.000;



0.000;0.000;0.000;0.000;0.000;0.000;
0.000;0.000;0.000;0.000;0.000;0.000;
0.000;0.000;0.000;0.000;0.000;0.000;



0.000;0.000;0.000;0.000;0.000;0.000;
0.000;0.000;0.000;0.000;0.000;0.000;
0.000;0.000;0.000;0.000;0.000;0.000;



0.000;0.000;0.000;0.000;0.000;0.000;
0.000;0.000;0.000;0.000;0.000;0.000;
0.000;0.000;0.000;0.000;0.000;0.000;



0.000;0.000;0.000;0.000;0.000;0.000;
0.000;0.000;0.000;0.000;0.000;0.000;
0.000;0.000;0.000;0.000;0.000;0.000;



0.000;0.000;0.000;0.000;0.000;0.000;0.000;0.000;
0.000;0.000;0.000;0.000;0.000;0.000;0.000;0.000;



0.000;0.000;0.000;0.000;0.000;0.000;0.000;0.000;
0.000;0.000;0.000;0.000;0.000;0.000;0.000;0.000;



0.000;0.000;0.000;0.000;0.000;0.000;0.000;
0.000;0.000;0.000;0.000;0.000;0.000;0.000;



0.000;0.000;0.000;0.000;0.000;0.000;0.000;
0.000;0.000;0.000;0.000;0.000;0.000;0.000;



0.000;0.000;0.000;0.000;0.000;0.000;0.000;
0.000;0.000;0.000;0.000;0.000;0.000;0.000;



0.000;0.000;0.000;0.000;0.000;0.000;0.000;
0.000;0.000;0.000;0.000;0.000;0.000;0.000;



0.000;0.000;0.000;0.000;0.000;0.000;0.000;
0.000;0.000;0.000;0.000;0.000;0.000;0.000;



0.000;0.000;0.000;0.000;0.000;0.000;
0.000;0.000;0.000;0.000;0.000;0.000;



0.000;0.000;0.000;0.000;0.000;0.000;
0.000;0.000;0.000;0.000;0.000;0.000;



0.000;0.000;0.000;0.000;0.000;0.000;
2.000;0.000;0.000;0.000;0.000;0.000;



0.000;0.000;0.000;0.000;0.000;0.000;
0.000;0.000;0.000;0.000;0.000;0.000;



4.000;0.000;0.000;0.000;0.000;0.000;
3.000;0.000;0.000;0.000;0.000;0.000;



0.000;0.000;0.000;0.000;0.000;0.000;0.000;0.000;0.000;0.000;0.000;0.000;0.000;0.000;0.000;0.000;
1.000;0.000;0.000;0.000;0.000;0.000;0.000;0.000;0.000;0.000;0.000;0.000;0.000;0.000;0.000;0.000;



4.000;0.000;0.000;0.000;0.000;0.000;
1.000;0.000;0.000;0.000;0.000;0.000;
3.000;0.000;0.000;0.000;0.000;0.000;



0.000;0.000;0.000;0.000;0.000;0.000;0.000;
0.000;0.000;0.000;0.000;0.000;0.000;0.000;



0.000;0.000;0.000;0.000;0.000;0.000;
0.000;0.000;0.000;0.000;0.000;0.000;



0.000;0.000;0.000;0.000;
0.000;0.000;0.000;0.000;
0.000;0.000;0.000;0.000;



0.000;0.000;0.000;
0.000;0.000;0.000;
0.000;0.000;0.000;
0.000;0.000;0.000;



0.000;0.000;0.000;0.000;0.000;
0.000;0.000;0.000;0.000;0.000;



0.000;0.000;0.000;0.000;0.000;
0.000;0.000;0.000;0.000;0.000;



0.000;0.000;0.000;0.000;0.000;
0.000;0.000;0.000;0.000;0.000;



0.000;0.000;0.000;0.000;0.000;
0.000;0.000;0.000;0.000;0.000;



0.000;0.000;0.000;
0.000;0.000;0.000;
0.000;0.000;0.000;



0.000;0.000;0.000;
0.000;0.000;0.000;
0.000;0.000;0.000;



0.000;0.000;0.000;
0.000;0.000;0.000;
0.000;0.000;0.000;



0.000;0.000;0.000;
0.000;0.000;0.000;



0.000;0.000;0.000;
0.000;0.000;0.000;



0.000;0.000;
0.000;0.000;
0.000;0.000;



0.000;0.000;
0.000;0.000;
0.000;0.000;



0.000;
0.000;
0.000;
0.000;
0.000;
0.000;



0.000;
0.000;
0.000;
0.000;
0.000;
0.000;



0.000;
0.000;
0.000;
0.000;
0.000;
0.000;



0.000;
0.000;
0.000;
0.000;
0.000;
0.000;



0.000;
0.000;
0.000;
0.000;
0.000;



0.000;
0.000;
0.000;
0.000;
0.000;



0.000;
0.000;
0.000;
0.000;
0.000;



0.000;
0.000;
0.000;
0.000;
0.000;



0.000;
0.000;
0.000;
0.000;
0.000;



0.000;
0.000;
0.000;
0.000;



0.000;
0.000;
0.000;
0.000;



0.000;
0.000;
0.000;
0.000;



0.000;
0.000;
0.000;



0.000;
0.000;
0.000;



0.000;
0.000;
0.000;



