+----------------------------------+------------------------+------------------------+------------------------+------------------------+-----------------------+-----------------------+
|              Metric              |           P1           |           P2           |           P3           |           P4           |           P5          |           P6          |
+----------------------------------+------------------------+------------------------+------------------------+------------------------+-----------------------+-----------------------+
|  Outcome selected for analysis   |           1            |           1            |           1            |           1            |           1           |           1           |
|         Information Gain         |  0.15585820196369177   |   0.3484336626193037   |  0.41251635860113006   |  0.17247444021726452   |  0.014616065407354512 |  0.22257017836358856  |
|           Chi-squared            |   40.68488476210239    |   51.26153846153847    |    64.9171863307558    |   21.28982265019615    |   3.1459770114942534  |   25.37888769725754   |
|            Gini index            |  0.08305814157763317   |  0.10173010380622849   |  0.11857343996979908   |  0.041883931748317366  | 0.0046373113139778765 |  0.05328310543568712  |
|      Difference in Support       |  0.38681781847249463   |   0.3076923076923077   |   0.3552631578947369   |   0.2080536912751678   |  0.09722222222222227  |  0.19672131147540986  |
|          Bigger Support          |  0.46762589928057546   |   0.3076923076923077   |   0.3552631578947369   |   0.2080536912751678   |  0.22222222222222227  |  0.19672131147540986  |
|            Confidence            |   0.8904109589041095   |          1.0           |          1.0           |          1.0           |   0.6571428571428571  |          1.0          |
|          All-Confidence          |  0.46762589928057546   |   0.3076923076923077   |   0.3552631578947369   |   0.2080536912751678   |         0.125         |  0.19672131147540986  |
|               Lift               |   1.5245885483394104   |   2.6153846153846154   |   3.131578947368421    |   1.5973154362416109   |          0.85         |   1.9508196721311477  |
|        Standardised Lift         |   0.8888888888888888   |          1.0           |   0.9999999999999999   |   1.0000000000000002   |   0.6470588235294117  |          1.0          |
|       Collective Strength        |   1.763840504585161    |   1.3859237536656892   |   1.3775930386139386   |   1.3771453682353627   |   0.9880156462396316  |   1.3122017980349314  |
|              Cosine              |   0.6452745348972124   |   0.5547001962252291   |   0.5960395606792698   |   0.4561290291958711   |   0.2866057521105554  |   0.4435327625727437  |
|         Interestingness          |   0.4159014228013652   |   0.3075402106543975   |   0.3550938177128437   |   0.2079398281223267   |  0.08210950346525164  |  0.19663796087383847  |
|        Comprehensibility         |          0.5           |   0.3868528072345416   |   0.3868528072345416   |  0.43067655807339306   |          0.5          |  0.43067655807339306  |
|           Completeness           |  0.46762589928057546   |   0.3076923076923077   |   0.3552631578947369   |   0.2080536912751678   |         0.125         |  0.19672131147540986  |
|           Added Value            |   0.3063773454587313   |   0.6176470588235294   |   0.680672268907563    |   0.3739495798319328   |  -0.11596638655462188 |   0.4873949579831933  |
|        Casual Confidence         |   0.6421751764217517   |   0.5666666666666667   |   0.5639810426540285   |   0.5748792270531401   |   0.3852216748768473  |   0.5560747663551402  |
|          Casual Support          |   0.6554621848739495   |   0.7352941176470589   |   0.7941176470588236   |   0.5042016806722689   |   0.273109243697479   |   0.5882352941176471  |
|         Certainty Factor         |   0.7365435173654349   |          1.0           |          1.0           |          1.0           |  -0.5111111111111113  |          1.0          |
|            Conviction            |   3.795693277310925    |          inf           |          inf           |          inf           |   0.6617647058823528  |          inf          |
|        Coverage (Support)        |   0.3067226890756303   |  0.11764705882352941   |   0.1134453781512605   |  0.13025210084033614   |  0.14705882352941177  |  0.10084033613445378  |
| Descriptive Confirmed Confidence |   0.7808219178082191   |          1.0           |          1.0           |          1.0           |   0.3142857142857143  |          1.0          |
|    Difference of Proportions     |   0.441926110419261    |          0.7           |   0.7677725118483412   |  0.42995169082125606   |  -0.13596059113300496 |   0.5420560747663552  |
|   Example and Counter Example    |   0.8769230769230769   |          1.0           |          1.0           |          1.0           |   0.4782608695652174  |          1.0          |
|         Imbalance Ratio          |   0.4489795918367347   |   0.6923076923076923   |   0.644736842105263    |   0.7919463087248322   |   0.7602040816326531  |   0.8032786885245902  |
|  Fisher's Exact Test (p-value)   | 2.2817081557491292e-11 | 1.0158540675320182e-13 | 9.992007221626409e-16  | 1.3290173406232952e-07 |   0.9732115756357107  | 3.187170771745684e-08 |
|         Hyper Confidence         |   0.9999999999771829   |   0.9999999999998984   |   0.999999999999999    |   0.9999998670982659   |   0.0267884243642893  |   0.9999999681282923  |
|            Hyper Lift            |   1.3541666666666667   |   1.8666666666666667   |          2.25          |   1.3478260869565217   |   0.7419354838709677  |          1.5          |
|   Laplace Corrected Confidence   |          0.88          |   0.9666666666666667   |   0.9655172413793104   |   0.9696969696969697   |   0.6486486486486487  |   0.9615384615384616  |
|            Importance            |   0.8653014261025438   |   1.462397997898956    |   1.447158031342219    |   1.5051499783199058   |  0.26626788940476925  |   1.3979400086720375  |
|       Jaccard Coefficient        |  0.44217687074829926   |   0.3076923076923077   |   0.3552631578947369   |   0.2080536912751678   |   0.1173469387755102  |  0.19672131147540986  |
|            J-Measure             |  0.030548712524187675  |  0.04912183114534334   |  0.05624206239052292   |  0.02649206448727468   | 0.0022192944478968274 |  0.029265592576312314 |
|              Kappa               |  0.35296067900006606   |   0.3544303797468355   |   0.428613424791769    |  0.16421641568954226   |  -0.04923296468069918 |  0.19271770732382668  |
|             Klosgen              |  0.16011235626544892   |  0.21185119341133446   |  0.22926167498486233   |  0.13496010826656485   |  -0.03605019054031439 |   0.1547740597988968  |
|            Kulczynski            |   0.6790184290923424   |   0.6538461538461539   |   0.6776315789473685   |   0.6040268456375839   |  0.39107142857142857  |   0.5983606557377049  |
|     Goodman-Kruskal's Lambda     |   0.4277456647398845   |  0.29999999999999993   |   0.2322274881516587   |   0.5700483091787439   |   0.7488372093023257  |   0.4579439252336448  |
|       Least Contradiction        |   0.4100719424460431   |   0.3076923076923077   |   0.3552631578947369   |   0.2080536912751678   |  0.059782608695652176 |  0.19672131147540986  |
|        Lerman Similarity         |   3.4253042818958868   |   5.285513369930154    |   6.258952014390522    |   2.6314143627904776   |  -0.7802714459800286  |   3.334995223317554   |
|        Piatetsky-Shapiro         |   0.0939728832709554   |   0.0726643598615917   |  0.07721912294329497   |  0.04870771838147024   |  -0.01705388037567969 |  0.049149071393263195 |
|          Max Confidence          |   0.8904109589041095   |          1.0           |          1.0           |          1.0           |   0.6571428571428571  |          1.0          |
|            Odds Ratio            |   9.991554054054053    |          inf           |          inf           |          inf           |          0.5          |          inf          |
|   Phi Correlation Coefficient    |   0.4134548269864719   |  0.46409548089225716   |   0.5222655331380925   |  0.29908700464139526   |  0.11497126077675979  |   0.3265485904444393  |
|          Ralambondrainy          |  0.03361344537815126   |          0.0           |          0.0           |          0.0           |  0.05042016806722689  |          0.0          |
| Relative Linkage Disequilibrium  |   0.999993685284028    |          1.0           |          1.0           |          1.0           |   0.9998999699909974  |          1.0          |
|          Relative Risk           |   1.9853757867456496   |   3.3333333333333335   |   4.3061224489795915   |   1.7542372881355932   |   0.8285714285714285  |   2.1836734693877555  |
|        Rule Power Factor         |  0.24317946356624837   |  0.11764705882352941   |   0.1134453781512605   |  0.13025210084033614   |  0.06350540216086435  |  0.10084033613445378  |
|         Sebag-Schoenauer         |         8.125          |          inf           |          inf           |          inf           |   1.9166666666666667  |          inf          |
|              Yule Q              |   0.8180421084985401   |          1.0           |          1.0           |          1.0           |  -0.33333333333333337 |          1.0          |
|              Yule Y              |   0.5193396060843718   |          1.0           |          1.0           |          1.0           |  -0.17157287525380985 |          1.0          |
|         Weighted Support         |   0.3067226890756303   |  0.11764705882352941   |   0.1134453781512605   |  0.13025210084033614   |  0.14705882352941177  |  0.10084033613445378  |
|      Weighted Rule Support       |  0.27310924369747897   |  0.11764705882352941   |   0.1134453781512605   |  0.13025210084033614   |  0.09663865546218488  |  0.10084033613445378  |
|       Weighted Confidence        |   0.8904109589041095   |          1.0           |          1.0           |          1.0           |   0.6571428571428571  |          1.0          |
|          Weighted Lift           |   1.5245885483394104   |   2.6153846153846154   |   3.131578947368421    |   1.5973154362416109   |          0.85         |   1.9508196721311477  |
|     Statistical Significance     | 0.0014414639647589115  | 1.2652024005969085e-14 | 2.1577865910749937e-09 | 0.00011120961149409571 |  0.16872906826172274  |  0.017849319748437942 |
|           FleBiC Score           | 0.0075708766429161845  | 8.362518105578973e-14  | 1.7974640859084113e-08 | 0.0003137359555210315  |  0.08812547944076082  |  0.059547911404550645 |
+----------------------------------+------------------------+------------------------+------------------------+------------------------+-----------------------+-----------------------+
