FOUND BICS:#28
 I=[2,0] (2,73) Y=[A1U2T0,A1U3L3] X=[0,2,3,4,5,6,7,8,9,10,11,12,13,14,15,16,54,55,56,57,58,59,100,101,102,103,104,105,106,107,108,109,110,111,112,113,114,115,116,117,118,119,120,166,167,168,169,170,171,172,173,174,175,176,177,178,179,180,190,191,192,193,194,195,196,197,198,199,200,201,202,203,204] pvalue=4.318122483936449E-8 Lifts=[1.528253424657534, 1.4965192005389625, 0.0]
 I=[0,0,2,0] (4,28) Y=[LCFA_ECOLI,Dodecanoyl_acyl_carrier_protein_hydrolase_chloroplastic,A1U2T0,A1U3L3] X=[0,2,3,4,5,6,7,8,9,10,11,12,13,14,15,16,193,194,195,196,197,198,199,200,201,202,203,204] pvalue=9.670945248174412E-17 Lifts=[2.4791666666666665, 0.0, 0.0]
 I=[0,2,2,0] (4,27) Y=[LCFA_ECOLI,Fatty-acyl_CoA_reductase,A1U2T0,A1U3L3] X=[8,9,10,12,13,14,16,118,120,169,170,171,172,173,174,178,179,193,194,195,196,197,199,200,201,203,204] pvalue=4.2905453722527404E-11 Lifts=[2.4791666666666665, 0.0, 0.0]
 I=[1,2,0] (3,31) Y=[AHR_ECOLI,A1U2T0,A1U3L3] X=[0,5,6,8,9,10,11,12,13,15,54,55,56,57,58,59,100,102,115,116,117,118,119,120,175,176,193,195,198,200,201] pvalue=4.240107733109098E-6 Lifts=[1.5194892473118278, 1.510312004230566, 0.0]
 I=[0,0] (2,41) Y=[Dodecanoyl_acyl_carrier_protein_hydrolase_chloroplastic,Fatty-acyl_CoA_reductase] X=[0,1,2,3,4,5,6,7,11,15,24,25,26,27,28,29,41,42,43,47,50,59,108,133,181,184,185,186,188,189,198,202,205,206,207,208,209,210,211,212,213] pvalue=0.16 Lifts=[1.8140243902439026, 0.38064774090363857, 0.5016561276723879]
 I=[0,1] (2,39) Y=[Fatty-acyl_CoA_reductase,A1U2T0] X=[1,17,28,33,44,45,46,47,48,49,50,51,53,61,91,97,98,127,143,145,146,149,152,181,184,185,186,188,189,206,207,209,210,211,214,221,224,230,231] pvalue=0.21 Lifts=[1.4620726495726497, 0.10004203446826397, 1.1301044634377966]
 I=[0,0] (2,38) Y=[Fatty-acyl_CoA_reductase,A1U3L3] X=[0,1,2,3,4,5,6,7,11,15,44,45,46,47,48,49,50,51,53,54,55,56,59,97,98,100,102,104,105,108,109,116,119,175,177,180,198,202] pvalue=0.99 Lifts=[1.761513157894737, 1.1294219154443488, 0.0]
 I=[0,2] (2,37) Y=[Dodecanoyl_acyl_carrier_protein_hydrolase_chloroplastic,Fatty-acyl_CoA_reductase] X=[8,9,10,12,13,14,16,22,23,30,31,36,37,38,39,40,57,58,76,86,111,114,132,134,155,182,183,193,194,195,196,197,199,200,201,203,204] pvalue=0.74 Lifts=[1.5411036036036037, 0.42179884802835627, 0.7941274607941274]
 I=[0,0] (2,35) Y=[AHR_ECOLI,Dodecanoyl_acyl_carrier_protein_hydrolase_chloroplastic] X=[2,3,4,7,14,16,22,23,24,25,26,27,28,29,38,39,40,41,43,47,50,185,186,187,188,189,194,196,199,206,207,208,211,212,213] pvalue=0.02 Lifts=[1.5583333333333333, 0.11147540983606558, 1.0074074074074075]
 I=[1,0] (2,35) Y=[Dodecanoyl_acyl_carrier_protein_hydrolase_chloroplastic,A1U3L3] X=[48,49,51,52,53,54,55,56,77,78,79,80,81,82,83,84,85,87,88,89,90,94,95,96,166,169,170,171,172,175,176,177,178,179,180] pvalue=0.8 Lifts=[1.7, 1.2262295081967214, 0.0]
 I=[2,1] (2,33) Y=[LCFA_ECOLI,A1U2T0] X=[33,44,45,46,48,68,69,71,72,75,79,80,82,89,91,95,96,121,122,123,143,145,146,181,182,183,184,206,207,210,211,214,215] pvalue=0.2 Lifts=[1.4273989898989898, 0.9458519622454049, 0.5342312008978676]
 I=[1,0] (2,32) Y=[AHR_ECOLI,Dodecanoyl_acyl_carrier_protein_hydrolase_chloroplastic] X=[0,1,5,6,8,9,10,11,12,13,15,30,31,36,37,42,57,58,59,133,181,182,183,184,193,195,198,200,201,205,209,210] pvalue=0.09 Lifts=[1.781901041666667, 0.6096311475409838, 0.36728395061728397]
 I=[0,0] (2,31) Y=[LCFA_ECOLI,Fatty-acyl_CoA_reductase] X=[0,1,2,3,4,5,6,7,11,15,19,27,28,29,50,53,62,97,98,119,127,129,130,131,180,198,202,223,224,233,237] pvalue=0.53 Lifts=[1.4395161290322578, 0.25171866737176096, 1.0426125049780963]
 I=[1,2] (2,30) Y=[AHR_ECOLI,Fatty-acyl_CoA_reductase] X=[8,9,10,12,13,30,31,35,36,37,57,58,115,117,118,120,154,156,176,182,183,193,195,200,201,215,226,227,235,236] pvalue=0.97 Lifts=[1.1569444444444446, 0.7803278688524591, 0.9794238683127573]
 I=[1,0] (2,30) Y=[A1U2T0,A1U3L3] X=[1,44,45,46,47,48,49,50,51,52,53,68,69,71,72,75,78,79,80,82,85,87,89,95,96,97,98,121,122,123] pvalue=0.94 Lifts=[1.9006944444444445, 0.9103825136612023, 0.0]
 I=[2,1] (2,27) Y=[AHR_ECOLI,Dodecanoyl_acyl_carrier_protein_hydrolase_chloroplastic] X=[32,77,78,79,80,81,82,83,84,85,87,88,89,90,94,95,96,166,169,170,171,172,177,178,179,180,228] pvalue=0.43 Lifts=[1.6527777777777775, 1.0115361262902247, 0.21764974851394603]
 I=[1,0] (2,26) Y=[AHR_ECOLI,LCFA_ECOLI] X=[0,1,5,6,8,9,10,11,12,13,15,118,119,120,129,130,154,156,193,195,198,200,201,235,236,237] pvalue=0.23 Lifts=[1.8116987179487178, 0.45018915510718793, 0.45204178537511863]
 I=[2,2] (2,26) Y=[LCFA_ECOLI,A1U3L3] X=[33,34,35,42,43,145,146,147,160,161,162,181,182,183,184,205,206,207,208,210,211,212,213,214,215,216] pvalue=0.73 Lifts=[1.1442307692307694, 0.75031525851198, 1.0170940170940168]
 I=[2,1,0] (3,24) Y=[AHR_ECOLI,Dodecanoyl_acyl_carrier_protein_hydrolase_chloroplastic,A1U3L3] X=[77,78,79,80,81,82,83,84,85,87,88,89,90,94,95,96,166,169,170,171,172,177,178,179] pvalue=0.0031323906196277333 Lifts=[1.7560763888888886, 1.137978142076503, 0.0]
 I=[2,1,2,0] (4,11) Y=[AHR_ECOLI,Dodecanoyl_acyl_carrier_protein_hydrolase_chloroplastic,Fatty-acyl_CoA_reductase,A1U3L3] X=[77,78,81,83,84,85,87,88,90,94,166] pvalue=0.06 Lifts=[1.577651515151515, 1.4187779433681071, 0.0]
 I=[2,1,2,0] (4,9) Y=[AHR_ECOLI,LCFA_ECOLI,Fatty-acyl_CoA_reductase,A1U3L3] X=[76,86,111,114,124,125,126,167,168] pvalue=0.17 Lifts=[1.928240740740741, 0.8670309653916212, 0.0]
 I=[0,0] (2,12) Y=[AHR_ECOLI,A1U3L3] X=[46,47,48,49,50,51,52,53,97,98,99,101] pvalue=0.99 Lifts=[2.2725694444444446, 0.32513661202185795, 0.0]
 I=[2,1,2,0] (4,6) Y=[AHR_ECOLI,LCFA_ECOLI,Fatty-acyl_CoA_reductase,A1U2T0] X=[76,86,124,125,126,155] pvalue=0.2 Lifts=[2.0659722222222223, 0.0, 0.4897119341563786]
 I=[2,0,2] (3,7) Y=[AHR_ECOLI,Dodecanoyl_acyl_carrier_protein_hydrolase_chloroplastic,Fatty-acyl_CoA_reductase] X=[76,86,111,114,132,134,155] pvalue=0.97 Lifts=[1.4166666666666665, 1.1147540983606559, 0.41975308641975306]
 I=[0,0] (2,10) Y=[LCFA_ECOLI,A1U3L3] X=[52,53,97,98,99,118,119,120,173,174] pvalue=0.99 Lifts=[2.4791666666666665, 0.0, 0.0]
 I=[1,2,2,0] (4,5) Y=[LCFA_ECOLI,Dodecanoyl_acyl_carrier_protein_hydrolase_chloroplastic,Fatty-acyl_CoA_reductase,A1U2T0] X=[124,125,126,158,159] pvalue=0.33 Lifts=[1.4875, 0.0, 1.1753086419753085]
 I=[1,0,2,0] (4,4) Y=[LCFA_ECOLI,Dodecanoyl_acyl_carrier_protein_hydrolase_chloroplastic,Fatty-acyl_CoA_reductase,A1U3L3] X=[76,86,111,114] pvalue=0.81 Lifts=[2.479166666666667, 0.0, 0.0]
 I=[1,0,0] (3,5) Y=[LCFA_ECOLI,A1U2T0,A1U3L3] X=[76,86,124,125,126] pvalue=0.99 Lifts=[2.4791666666666665, 0.0, 0.0]

0.000;0.000;0.000;2.000;0.000;0.000;0.000;0.000;0.000;0.000;0.000;0.000;0.000;0.000;0.000;0.000;0.000;0.000;0.000;0.000;0.000;0.000;0.000;0.000;0.000;0.000;0.000;0.000;0.000;0.000;0.000;0.000;0.000;0.000;0.000;0.000;0.000;0.000;0.000;0.000;0.000;0.000;0.000;0.000;0.000;0.000;0.000;0.000;0.000;0.000;0.000;0.000;0.000;0.000;0.000;0.000;0.000;0.000;0.000;0.000;0.000;0.000;0.000;0.000;0.000;0.000;0.000;0.000;0.000;0.000;0.000;0.000;0.000;
1.000;0.000;0.000;2.000;0.000;0.000;0.000;0.000;0.000;0.000;0.000;0.000;0.000;0.000;0.000;0.000;0.000;0.000;0.000;0.000;0.000;0.000;0.000;0.000;0.000;0.000;0.000;0.000;0.000;0.000;0.000;0.000;0.000;0.000;0.000;0.000;0.000;0.000;0.000;0.000;0.000;0.000;0.000;0.000;0.000;0.000;0.000;0.000;0.000;0.000;0.000;0.000;0.000;0.000;0.000;0.000;0.000;0.000;0.000;0.000;0.000;0.000;0.000;0.000;0.000;0.000;0.000;0.000;0.000;0.000;0.000;0.000;0.000;



1.000;0.000;0.000;1.000;0.000;0.000;0.000;0.000;0.000;0.000;0.000;0.000;0.000;0.000;0.000;0.000;0.000;0.000;0.000;0.000;0.000;0.000;0.000;0.000;0.000;0.000;0.000;0.000;
0.000;0.000;0.000;2.000;0.000;0.000;0.000;0.000;0.000;0.000;0.000;0.000;0.000;0.000;0.000;0.000;0.000;0.000;0.000;0.000;0.000;0.000;0.000;0.000;0.000;0.000;0.000;0.000;
0.000;0.000;0.000;2.000;0.000;0.000;0.000;0.000;0.000;0.000;0.000;0.000;0.000;0.000;0.000;0.000;0.000;0.000;0.000;0.000;0.000;0.000;0.000;0.000;0.000;0.000;0.000;0.000;
1.000;0.000;0.000;2.000;0.000;0.000;0.000;0.000;0.000;0.000;0.000;0.000;0.000;0.000;0.000;0.000;0.000;0.000;0.000;0.000;0.000;0.000;0.000;0.000;0.000;0.000;0.000;0.000;



0.000;0.000;0.000;0.000;0.000;0.000;0.000;0.000;0.000;0.000;0.000;0.000;0.000;0.000;0.000;0.000;0.000;0.000;0.000;0.000;0.000;0.000;0.000;0.000;0.000;0.000;0.000;
0.000;0.000;0.000;0.000;0.000;0.000;0.000;0.000;0.000;0.000;0.000;0.000;0.000;0.000;0.000;0.000;0.000;0.000;0.000;0.000;0.000;0.000;0.000;0.000;0.000;0.000;0.000;
0.000;0.000;0.000;0.000;0.000;0.000;0.000;0.000;0.000;0.000;0.000;0.000;0.000;0.000;0.000;0.000;0.000;0.000;0.000;0.000;0.000;0.000;0.000;0.000;0.000;0.000;0.000;
0.000;0.000;0.000;0.000;0.000;0.000;0.000;0.000;0.000;0.000;0.000;0.000;0.000;0.000;0.000;0.000;0.000;0.000;0.000;0.000;0.000;0.000;0.000;0.000;0.000;0.000;0.000;



1.000;0.000;0.000;0.000;0.000;0.000;0.000;0.000;0.000;0.000;0.000;0.000;0.000;0.000;0.000;0.000;0.000;0.000;0.000;0.000;0.000;0.000;0.000;0.000;0.000;0.000;0.000;0.000;0.000;0.000;0.000;
0.000;0.000;0.000;0.000;0.000;0.000;0.000;0.000;0.000;0.000;0.000;0.000;0.000;0.000;0.000;0.000;0.000;0.000;0.000;0.000;0.000;0.000;0.000;0.000;0.000;0.000;0.000;0.000;0.000;0.000;0.000;
1.000;0.000;0.000;0.000;0.000;0.000;0.000;0.000;0.000;0.000;0.000;0.000;0.000;0.000;0.000;0.000;0.000;0.000;0.000;0.000;0.000;0.000;0.000;0.000;0.000;0.000;0.000;0.000;0.000;0.000;0.000;



0.000;0.000;0.000;0.000;2.000;0.000;0.000;0.000;0.000;0.000;0.000;0.000;0.000;0.000;0.000;0.000;0.000;0.000;0.000;0.000;0.000;0.000;0.000;0.000;0.000;0.000;0.000;0.000;0.000;0.000;0.000;0.000;0.000;0.000;0.000;0.000;0.000;0.000;0.000;0.000;0.000;
0.000;0.000;0.000;0.000;2.000;0.000;0.000;0.000;0.000;0.000;0.000;0.000;0.000;0.000;0.000;0.000;0.000;0.000;0.000;0.000;0.000;0.000;0.000;0.000;0.000;0.000;0.000;0.000;0.000;0.000;0.000;0.000;0.000;0.000;0.000;0.000;0.000;0.000;0.000;0.000;0.000;



0.000;0.000;0.000;0.000;0.000;0.000;0.000;0.000;0.000;0.000;0.000;0.000;0.000;0.000;0.000;0.000;0.000;0.000;0.000;0.000;0.000;0.000;0.000;0.000;0.000;0.000;0.000;0.000;0.000;0.000;0.000;0.000;0.000;0.000;0.000;0.000;0.000;0.000;0.000;
0.000;0.000;0.000;0.000;0.000;0.000;0.000;0.000;0.000;0.000;0.000;0.000;0.000;0.000;0.000;0.000;0.000;0.000;0.000;0.000;0.000;0.000;0.000;0.000;0.000;0.000;0.000;0.000;0.000;0.000;0.000;0.000;0.000;0.000;0.000;0.000;0.000;0.000;0.000;



0.000;0.000;0.000;0.000;2.000;0.000;0.000;0.000;0.000;0.000;0.000;0.000;0.000;0.000;0.000;0.000;0.000;0.000;0.000;0.000;0.000;0.000;0.000;0.000;0.000;0.000;0.000;0.000;0.000;0.000;0.000;0.000;0.000;0.000;0.000;0.000;0.000;0.000;
1.000;0.000;0.000;0.000;2.000;0.000;0.000;0.000;0.000;0.000;0.000;0.000;0.000;0.000;0.000;0.000;0.000;0.000;0.000;0.000;0.000;0.000;0.000;0.000;0.000;0.000;0.000;0.000;0.000;0.000;0.000;0.000;0.000;0.000;0.000;0.000;0.000;0.000;



0.000;0.000;0.000;0.000;0.000;0.000;0.000;0.000;0.000;0.000;0.000;0.000;0.000;0.000;0.000;0.000;0.000;0.000;0.000;0.000;0.000;0.000;0.000;0.000;0.000;0.000;0.000;0.000;0.000;0.000;0.000;0.000;0.000;0.000;0.000;0.000;0.000;
0.000;0.000;0.000;0.000;0.000;0.000;0.000;0.000;0.000;0.000;0.000;0.000;0.000;0.000;0.000;0.000;0.000;0.000;0.000;0.000;0.000;0.000;0.000;0.000;0.000;0.000;0.000;0.000;0.000;0.000;0.000;0.000;0.000;0.000;0.000;0.000;0.000;



0.000;0.000;2.000;0.000;0.000;0.000;0.000;0.000;0.000;0.000;0.000;0.000;0.000;0.000;0.000;0.000;0.000;0.000;0.000;0.000;0.000;0.000;0.000;0.000;0.000;0.000;0.000;0.000;0.000;0.000;0.000;0.000;0.000;0.000;0.000;
0.000;0.000;2.000;0.000;0.000;0.000;0.000;0.000;0.000;0.000;0.000;0.000;0.000;0.000;0.000;0.000;0.000;0.000;0.000;0.000;0.000;0.000;0.000;0.000;0.000;0.000;0.000;0.000;0.000;0.000;0.000;0.000;0.000;0.000;0.000;



0.000;0.000;0.000;0.000;0.000;0.000;0.000;0.000;0.000;0.000;0.000;0.000;0.000;0.000;0.000;0.000;0.000;0.000;0.000;0.000;0.000;0.000;0.000;0.000;0.000;0.000;0.000;0.000;0.000;0.000;0.000;0.000;0.000;0.000;0.000;
0.000;0.000;0.000;0.000;0.000;0.000;0.000;0.000;0.000;0.000;0.000;0.000;0.000;0.000;0.000;0.000;0.000;0.000;0.000;0.000;0.000;0.000;0.000;0.000;0.000;0.000;0.000;0.000;0.000;0.000;0.000;0.000;0.000;0.000;0.000;



0.000;0.000;0.000;0.000;0.000;0.000;0.000;0.000;0.000;0.000;0.000;0.000;0.000;0.000;0.000;0.000;0.000;0.000;0.000;0.000;0.000;0.000;0.000;0.000;0.000;0.000;0.000;0.000;0.000;0.000;0.000;0.000;0.000;
0.000;0.000;0.000;0.000;0.000;0.000;0.000;0.000;0.000;0.000;0.000;0.000;0.000;0.000;0.000;0.000;0.000;0.000;0.000;0.000;0.000;0.000;0.000;0.000;0.000;0.000;0.000;0.000;0.000;0.000;0.000;0.000;0.000;



1.000;0.000;0.000;0.000;0.000;0.000;0.000;0.000;0.000;0.000;0.000;0.000;0.000;0.000;0.000;0.000;0.000;0.000;0.000;0.000;0.000;0.000;0.000;0.000;0.000;0.000;0.000;0.000;0.000;0.000;0.000;0.000;
0.000;0.000;0.000;0.000;0.000;0.000;0.000;0.000;0.000;0.000;0.000;0.000;0.000;0.000;0.000;0.000;0.000;0.000;0.000;0.000;0.000;0.000;0.000;0.000;0.000;0.000;0.000;0.000;0.000;0.000;0.000;0.000;



1.000;0.000;0.000;0.000;1.000;0.000;0.000;0.000;0.000;0.000;0.000;0.000;0.000;0.000;0.000;0.000;0.000;0.000;0.000;0.000;0.000;0.000;0.000;0.000;0.000;0.000;0.000;0.000;0.000;0.000;0.000;
0.000;0.000;0.000;0.000;2.000;0.000;0.000;0.000;0.000;0.000;0.000;0.000;0.000;0.000;0.000;0.000;0.000;0.000;0.000;0.000;0.000;0.000;0.000;0.000;0.000;0.000;0.000;0.000;0.000;0.000;0.000;



0.000;0.000;0.000;0.000;0.000;0.000;0.000;0.000;0.000;0.000;0.000;0.000;0.000;0.000;0.000;0.000;0.000;0.000;0.000;0.000;0.000;0.000;0.000;0.000;0.000;0.000;0.000;0.000;0.000;0.000;
0.000;0.000;0.000;0.000;0.000;0.000;0.000;0.000;0.000;0.000;0.000;0.000;0.000;0.000;0.000;0.000;0.000;0.000;0.000;0.000;0.000;0.000;0.000;0.000;0.000;0.000;0.000;0.000;0.000;0.000;



0.000;0.000;0.000;0.000;0.000;0.000;0.000;0.000;0.000;0.000;0.000;0.000;0.000;0.000;0.000;0.000;0.000;0.000;0.000;0.000;0.000;0.000;0.000;0.000;0.000;0.000;0.000;0.000;0.000;0.000;
0.000;0.000;0.000;0.000;0.000;0.000;0.000;0.000;0.000;0.000;0.000;0.000;0.000;0.000;0.000;0.000;0.000;0.000;0.000;0.000;0.000;0.000;0.000;0.000;0.000;0.000;0.000;0.000;0.000;0.000;



0.000;0.000;0.000;0.000;0.000;0.000;0.000;0.000;0.000;0.000;0.000;0.000;0.000;0.000;0.000;0.000;0.000;0.000;0.000;0.000;0.000;0.000;0.000;0.000;0.000;0.000;0.000;
0.000;0.000;0.000;0.000;0.000;0.000;0.000;0.000;0.000;0.000;0.000;0.000;0.000;0.000;0.000;0.000;0.000;0.000;0.000;0.000;0.000;0.000;0.000;0.000;0.000;0.000;0.000;



1.000;0.000;0.000;0.000;0.000;0.000;0.000;0.000;0.000;0.000;0.000;0.000;0.000;0.000;0.000;0.000;0.000;0.000;0.000;0.000;0.000;0.000;0.000;0.000;0.000;0.000;
1.000;0.000;0.000;0.000;0.000;0.000;0.000;0.000;0.000;0.000;0.000;0.000;0.000;0.000;0.000;0.000;0.000;0.000;0.000;0.000;0.000;0.000;0.000;0.000;0.000;0.000;



0.000;0.000;0.000;0.000;0.000;0.000;0.000;0.000;0.000;0.000;0.000;0.000;0.000;0.000;0.000;0.000;0.000;0.000;0.000;0.000;0.000;0.000;0.000;0.000;0.000;0.000;
0.000;0.000;0.000;0.000;0.000;0.000;0.000;0.000;0.000;0.000;0.000;0.000;0.000;0.000;0.000;0.000;0.000;0.000;0.000;0.000;0.000;0.000;0.000;0.000;0.000;0.000;



0.000;0.000;0.000;0.000;0.000;0.000;0.000;0.000;0.000;0.000;0.000;0.000;0.000;0.000;0.000;0.000;0.000;0.000;0.000;0.000;0.000;0.000;0.000;0.000;
0.000;0.000;0.000;0.000;0.000;0.000;0.000;0.000;0.000;0.000;0.000;0.000;0.000;0.000;0.000;0.000;0.000;0.000;0.000;0.000;0.000;0.000;0.000;0.000;
0.000;0.000;0.000;0.000;0.000;0.000;0.000;0.000;0.000;0.000;0.000;0.000;0.000;0.000;0.000;0.000;0.000;0.000;0.000;0.000;0.000;0.000;0.000;0.000;



0.000;0.000;0.000;0.000;0.000;0.000;0.000;0.000;0.000;0.000;0.000;
0.000;0.000;0.000;0.000;0.000;0.000;0.000;0.000;0.000;0.000;0.000;
0.000;0.000;0.000;0.000;0.000;0.000;0.000;0.000;0.000;0.000;0.000;
0.000;0.000;0.000;0.000;0.000;0.000;0.000;0.000;0.000;0.000;0.000;



0.000;0.000;0.000;0.000;0.000;0.000;0.000;0.000;0.000;
0.000;0.000;0.000;0.000;0.000;0.000;0.000;0.000;0.000;
0.000;0.000;0.000;0.000;0.000;0.000;0.000;0.000;0.000;
0.000;0.000;0.000;0.000;0.000;0.000;0.000;0.000;0.000;



0.000;0.000;0.000;0.000;0.000;0.000;0.000;0.000;0.000;0.000;0.000;0.000;
0.000;0.000;0.000;0.000;0.000;0.000;0.000;0.000;0.000;0.000;0.000;0.000;



0.000;0.000;0.000;0.000;0.000;0.000;
0.000;0.000;0.000;0.000;0.000;0.000;
0.000;0.000;0.000;0.000;0.000;0.000;
0.000;0.000;0.000;0.000;0.000;0.000;



0.000;0.000;0.000;0.000;0.000;0.000;0.000;
0.000;0.000;0.000;0.000;0.000;0.000;0.000;
0.000;0.000;0.000;0.000;0.000;0.000;0.000;



0.000;0.000;0.000;0.000;0.000;0.000;0.000;0.000;0.000;0.000;
0.000;0.000;0.000;0.000;0.000;0.000;0.000;0.000;0.000;0.000;



0.000;0.000;0.000;0.000;0.000;
0.000;0.000;0.000;0.000;0.000;
0.000;0.000;0.000;0.000;0.000;
0.000;0.000;0.000;0.000;0.000;



0.000;0.000;0.000;0.000;
0.000;0.000;0.000;0.000;
0.000;0.000;0.000;0.000;
0.000;0.000;0.000;0.000;



0.000;0.000;0.000;0.000;0.000;
0.000;0.000;0.000;0.000;0.000;
0.000;0.000;0.000;0.000;0.000;



