FOUND BICS:#54
 I=[6,1] (2,32) Y=[A1U2T0,A1U3L3] X=[3,8,9,11,54,55,58,104,105,109,110,111,112,114,116,167,168,169,170,171,172,173,174,178,180,190,191,192,196,198,199,201] pvalue=1.6681785693713125E-7 Lifts=[1.8908898305084745, 0.7437500000000001, 1.7354166666666668, 1.4875, 0.0, 0.0, 0.0]
 I=[0,6] (2,32) Y=[LCFA_ECOLI,A1U2T0] X=[2,3,4,5,6,7,8,9,10,11,12,13,14,15,16,169,170,172,173,174,178,179,180,196,197,198,199,200,201,202,203,204] pvalue=5.471535943071633E-8 Lifts=[3.403601694915254, 1.2395833333333337, 0.0, 0.0, 0.0, 0.0, 0.0]
 I=[0,0] (2,24) Y=[Dodecanoyl_acyl_carrier_protein_hydrolase_chloroplastic,Fatty_acyl_CoA_reductase] X=[0,1,2,3,4,5,6,7,11,15,184,185,186,188,189,205,206,207,208,209,210,211,212,213] pvalue=0.009716006764255242 Lifts=[3.361581920903955, 1.3222222222222222, 0.0, 0.0, 0.0, 0.0, 0.0]
 I=[0,0,6,0] (4,12) Y=[LCFA_ECOLI,Dodecanoyl_acyl_carrier_protein_hydrolase_chloroplastic,A1U2T0,A1U3L3] X=[2,4,5,6,7,10,12,13,14,179,197,200] pvalue=2.1544184012345522E-15
 I=[4,0] (2,23) Y=[LCFA_ECOLI,Fatty_acyl_CoA_reductase] X=[33,34,44,45,46,47,102,116,133,138,139,145,164,184,205,206,207,208,210,211,212,213,231] pvalue=0.05 Lifts=[1.7538688282977157, 0.0, 1.3797101449275362, 0.5913043478260869, 0.3695652173913043, 0.0, 1.552173913043478]
 I=[0,6,1] (3,15) Y=[LCFA_ECOLI,A1U2T0,A1U3L3] X=[3,8,9,11,169,170,172,173,174,178,180,196,198,199,201] pvalue=3.636070122066849E-10 Lifts=[3.4960451977401132, 1.0577777777777777, 0.0, 0.0, 0.0, 0.0, 0.0]
 I=[0,4,6] (3,13) Y=[LCFA_ECOLI,Fatty_acyl_CoA_reductase,A1U2T0] X=[9,12,13,14,169,170,172,173,174,179,196,200,201] pvalue=8.243245973911854E-10 Lifts=[3.4132985658409387, 1.2205128205128204, 0.0, 0.0, 0.0, 0.0, 0.0]
 I=[0,5] (2,18) Y=[Fatty_acyl_CoA_reductase,A1U2T0] X=[0,1,34,44,45,46,47,48,49,50,53,119,143,145,165,207,211,214] pvalue=0.07 Lifts=[2.016949152542373, 0.44074074074074077, 1.3222222222222224, 0.0, 0.9444444444444444, 0.826388888888889, 0.6611111111111111]
 I=[0,0] (2,17) Y=[LCFA_ECOLI,Dodecanoyl_acyl_carrier_protein_hydrolase_chloroplastic] X=[0,1,2,3,4,5,6,7,8,9,10,11,12,13,14,15,16] pvalue=1.5265154767986066E-5 Lifts=[3.3220338983050848, 1.4000000000000001, 0.0, 0.0, 0.0, 0.0, 0.0]
 I=[0,0,6] (3,11) Y=[LCFA_ECOLI,Fatty_acyl_CoA_reductase,A1U2T0] X=[2,3,4,5,6,7,11,15,180,198,202] pvalue=0.006998026015577767 Lifts=[2.933744221879815, 2.1636363636363636, 0.0, 0.0, 0.0, 0.0, 0.0]
 I=[1,0,0] (3,10) Y=[AHR_ECOLI,Dodecanoyl_acyl_carrier_protein_hydrolase_chloroplastic,Fatty_acyl_CoA_reductase] X=[2,4,7,185,186,205,206,207,208,212] pvalue=2.0599315810920692E-4 Lifts=[3.6305084745762706, 0.7933333333333333, 0.0, 0.0, 0.0, 0.0, 0.0]
 I=[3,6] (2,14) Y=[AHR_ECOLI,A1U2T0] X=[8,9,10,11,12,110,112,113,115,116,176,197,198,201] pvalue=0.09 Lifts=[2.305084745762712, 0.5666666666666667, 0.5666666666666667, 1.9428571428571426, 0.0, 0.0, 0.0]
 I=[1,6] (2,14) Y=[Dodecanoyl_acyl_carrier_protein_hydrolase_chloroplastic,A1U2T0] X=[57,58,59,108,114,196,197,198,199,200,201,202,203,204] pvalue=0.07 Lifts=[3.169491525423729, 0.0, 0.0, 1.457142857142857, 0.0, 0.0, 0.0]
 I=[4,0,6] (3,9) Y=[AHR_ECOLI,LCFA_ECOLI,A1U2T0] X=[169,170,172,178,179,180,202,203,204] pvalue=5.738986669939972E-6 Lifts=[3.1374764595103577, 1.762962962962963, 0.0, 0.0, 0.0, 0.0, 0.0]
 I=[4,0,0] (3,9) Y=[LCFA_ECOLI,Dodecanoyl_acyl_carrier_protein_hydrolase_chloroplastic,Fatty_acyl_CoA_reductase] X=[184,205,206,207,208,210,211,212,213] pvalue=1.5229458073855035E-4 Lifts=[4.033898305084746, 0.0, 0.0, 0.0, 0.0, 0.0, 0.0]
 I=[4,0,6] (3,9) Y=[LCFA_ECOLI,Fatty_acyl_CoA_reductase,A1U3L3] X=[33,34,145,206,207,208,210,212,213] pvalue=7.615189351201175E-6 Lifts=[2.689265536723164, 0.0, 0.0, 0.0, 0.9444444444444444, 0.0, 1.3222222222222222]
 I=[1,3] (2,13) Y=[Dodecanoyl_acyl_carrier_protein_hydrolase_chloroplastic,Fatty_acyl_CoA_reductase] X=[36,37,38,39,57,58,114,134,182,197,199,203,204] pvalue=0.005013569533017749 Lifts=[1.861799217731421, 0.0, 0.0, 1.5692307692307692, 0.0, 0.0, 1.8307692307692305]
 I=[0,1] (2,12) Y=[LCFA_ECOLI,Dodecanoyl_acyl_carrier_protein_hydrolase_chloroplastic] X=[193,194,195,196,197,198,199,200,201,202,203,204] pvalue=0.006836250254512218 Lifts=[3.025423728813559, 1.9833333333333334, 0.0, 0.0, 0.0, 0.0, 0.0]
 I=[5,0] (2,12) Y=[A1U2T0,A1U3L3] X=[0,1,45,46,50,53,79,82,96,118,119,120] pvalue=0.06 Lifts=[2.016949152542373, 1.9833333333333334, 1.9833333333333334, 0.0, 0.0, 0.0, 0.0]
 I=[6,2] (2,11) Y=[A1U2T0,A1U3L3] X=[15,16,57,103,166,175,176,177,202,203,204] pvalue=4.243225214264005E-4 Lifts=[1.8335901386748843, 1.4424242424242424, 1.4424242424242424, 1.236363636363636, 0.0, 0.0, 0.0]
 I=[3,0] (2,10) Y=[AHR_ECOLI,LCFA_ECOLI] X=[1,8,9,10,11,12,193,197,198,201] pvalue=0.04 Lifts=[3.6305084745762706, 0.7933333333333333, 0.0, 0.0, 0.0, 0.0, 0.0]
 I=[1,6] (2,9) Y=[AHR_ECOLI,A1U2T0] X=[2,4,7,14,16,101,102,196,199] pvalue=0.85 Lifts=[2.689265536723164, 0.8814814814814815, 0.0, 1.511111111111111, 0.0, 0.0, 0.0]
 I=[1,0] (2,9) Y=[AHR_ECOLI,A1U3L3] X=[2,4,7,14,53,99,101,102,119] pvalue=0.83 Lifts=[2.24105461393597, 1.762962962962963, 0.0, 1.511111111111111, 0.0, 0.0, 0.0]
 I=[3,1] (2,9) Y=[AHR_ECOLI,A1U3L3] X=[8,9,11,110,112,116,193,198,201] pvalue=0.1 Lifts=[2.24105461393597, 0.8814814814814815, 0.8814814814814815, 1.511111111111111, 0.0, 0.0, 0.0]
 I=[0,3] (2,9) Y=[LCFA_ECOLI,Fatty_acyl_CoA_reductase] X=[8,10,16,197,199,203,204,235,236] pvalue=0.19 Lifts=[3.1374764595103577, 0.0, 0.0, 1.511111111111111, 0.0, 0.0, 0.0]
 I=[0,6] (2,9) Y=[Dodecanoyl_acyl_carrier_protein_hydrolase_chloroplastic,A1U3L3] X=[183,189,206,207,208,209,210,212,213] pvalue=0.0015716727910321303 Lifts=[3.5856873822975515, 0.8814814814814815, 0.0, 0.0, 0.0, 0.0, 0.0]
 I=[6,2] (2,11) Y=[A1U2T0,A1U3L3] X=[15,16,57,103,166,175,176,177,202,203,204] pvalue=4.243225214264005E-4 Lifts=[1.8335901386748843, 1.4424242424242424, 1.4424242424242424, 1.236363636363636, 0.0, 0.0, 0.0]
 I=[1,0] (2,6) Y=[LCFA_ECOLI,A1U3L3] X=[50,53,97,118,119,120] pvalue=0.47 Lifts=[3.361581920903955, 1.3222222222222222, 0.0, 0.0, 0.0, 0.0, 0.0]
 I=[2,5,0] (3,4) Y=[AHR_ECOLI,A1U2T0,A1U3L3] X=[0,45,118,120] pvalue=0.03 Lifts=[3.0254237288135593, 0.0, 1.9833333333333336, 0.0, 0.0, 0.0, 0.0]
 I=[0,0,4,0] (4,3) Y=[AHR_ECOLI,Fatty_acyl_CoA_reductase,A1U2T0,A1U3L3] X=[51,97,98] pvalue=0.007453211614371566
 I=[0,5,0] (3,3) Y=[AHR_ECOLI,Dodecanoyl_acyl_carrier_protein_hydrolase_chloroplastic,Fatty_acyl_CoA_reductase] X=[18,97,98] pvalue=0.25 Lifts=[2.6892655367231635, 0.0, 0.0, 0.0, 0.0, 0.0, 1.9833333333333332]
 I=[1,5,1] (3,3) Y=[AHR_ECOLI,A1U2T0,A1U3L3] X=[48,49,194] pvalue=0.01 Lifts=[2.6892655367231635, 2.6444444444444444, 0.0, 0.0, 0.0, 0.0, 0.0]
 I=[2,5,5] (3,3) Y=[AHR_ECOLI,Dodecanoyl_acyl_carrier_protein_hydrolase_chloroplastic,A1U2T0] X=[118,120,165] pvalue=0.01 Lifts=[2.6892655367231635, 0.0, 0.0, 0.0, 0.0, 0.0, 1.9833333333333332]
 I=[2,0,0] (3,3) Y=[LCFA_ECOLI,Fatty_acyl_CoA_reductase,A1U3L3] X=[51,98,108] pvalue=0.72 Lifts=[2.6892655367231635, 2.6444444444444444, 0.0, 0.0, 0.0, 0.0, 0.0]
 I=[5,3,6] (3,3) Y=[LCFA_ECOLI,Fatty_acyl_CoA_reductase,A1U3L3] X=[160,182,183] pvalue=0.0010485551203340273 Lifts=[2.6892655367231635, 0.0, 0.0, 2.2666666666666666, 0.0, 0.0, 0.0]
 I=[1,6,0] (3,3) Y=[Dodecanoyl_acyl_carrier_protein_hydrolase_chloroplastic,A1U2T0,A1U3L3] X=[59,108,200] pvalue=0.31 Lifts=[2.6892655367231635, 0.0, 0.0, 2.2666666666666666, 0.0, 0.0, 0.0]
 I=[0,3,1] (3,3) Y=[LCFA_ECOLI,Dodecanoyl_acyl_carrier_protein_hydrolase_chloroplastic,A1U3L3] X=[170,178,180] pvalue=0.01 Lifts=[2.6892655367231635, 2.6444444444444444, 0.0, 0.0, 0.0, 0.0, 0.0]
 I=[0,0,3] (3,3) Y=[Dodecanoyl_acyl_carrier_protein_hydrolase_chloroplastic,Fatty_acyl_CoA_reductase,A1U2T0] X=[188,189,209] pvalue=0.06 Lifts=[2.6892655367231635, 2.6444444444444444, 0.0, 0.0, 0.0, 0.0, 0.0]
 I=[0,6,0] (3,3) Y=[Dodecanoyl_acyl_carrier_protein_hydrolase_chloroplastic,A1U2T0,A1U3L3] X=[10,12,13] pvalue=0.27 Lifts=[4.033898305084746, 0.0, 0.0, 0.0, 0.0, 0.0, 0.0]
 I=[5,4] (2,4) Y=[LCFA_ECOLI,A1U2T0] X=[89,91,181,183] pvalue=0.41 Lifts=[2.016949152542373, 0.0, 1.9833333333333336, 1.7000000000000002, 0.0, 0.0, 0.0]
 I=[5,1] (2,4) Y=[Dodecanoyl_acyl_carrier_protein_hydrolase_chloroplastic,A1U3L3] X=[116,168,173,174] pvalue=0.8 Lifts=[2.016949152542373, 0.0, 1.9833333333333336, 1.7000000000000002, 0.0, 0.0, 0.0]
 I=[0,3,0,5] (4,2) Y=[AHR_ECOLI,LCFA_ECOLI,Dodecanoyl_acyl_carrier_protein_hydrolase_chloroplastic,A1U3L3] X=[187,188] pvalue=0.0010097342221039398
 I=[3,5,1,6] (4,2) Y=[AHR_ECOLI,LCFA_ECOLI,Dodecanoyl_acyl_carrier_protein_hydrolase_chloroplastic,A1U3L3] X=[181,182] pvalue=2.454794789553337E-5
 I=[4,6] (2,3) Y=[A1U2T0,A1U3L3] X=[33,181,183] pvalue=0.54 Lifts=[2.6892655367231635, 0.0, 0.0, 0.0, 0.0, 0.0, 1.9833333333333332]
 I=[0,0] (2,3) Y=[LCFA_ECOLI,Dodecanoyl_acyl_carrier_protein_hydrolase_chloroplastic] X=[8,9,16] pvalue=0.8 Lifts=[4.033898305084746, 0.0, 0.0, 0.0, 0.0, 0.0, 0.0]
 I=[0,6] (2,3) Y=[Dodecanoyl_acyl_carrier_protein_hydrolase_chloroplastic,A1U3L3] X=[183,189,209] pvalue=0.39 Lifts=[2.6892655367231635, 2.6444444444444444, 0.0, 0.0, 0.0, 0.0, 0.0]
 I=[0,1,0] (3,2) Y=[AHR_ECOLI,LCFA_ECOLI,A1U3L3] X=[50,97] pvalue=0.07 Lifts=[4.033898305084746, 0.0, 0.0, 0.0, 0.0, 0.0, 0.0]
 I=[4,1,6] (3,2) Y=[AHR_ECOLI,Dodecanoyl_acyl_carrier_protein_hydrolase_chloroplastic,A1U2T0] X=[108,114] pvalue=0.16 Lifts=[4.033898305084746, 0.0, 0.0, 0.0, 0.0, 0.0, 0.0]
 I=[2,5,0] (3,2) Y=[LCFA_ECOLI,Dodecanoyl_acyl_carrier_protein_hydrolase_chloroplastic,A1U3L3] X=[98,99] pvalue=0.24 Lifts=[4.033898305084746, 0.0, 0.0, 0.0, 0.0, 0.0, 0.0]
 I=[5,3,0] (3,2) Y=[Dodecanoyl_acyl_carrier_protein_hydrolase_chloroplastic,Fatty_acyl_CoA_reductase,A1U3L3] X=[99,120] pvalue=0.3 Lifts=[4.033898305084746, 0.0, 0.0, 0.0, 0.0, 0.0, 0.0]
 I=[5,4,0] (3,2) Y=[Dodecanoyl_acyl_carrier_protein_hydrolase_chloroplastic,A1U2T0,A1U3L3] X=[97,98] pvalue=0.26 Lifts=[4.033898305084746, 0.0, 0.0, 0.0, 0.0, 0.0, 0.0]
 I=[3,5] (2,2) Y=[Fatty_acyl_CoA_reductase,A1U2T0] X=[120,182] pvalue=0.89 Lifts=[4.033898305084746, 0.0, 0.0, 0.0, 0.0, 0.0, 0.0]
 I=[0,4] (2,2) Y=[Dodecanoyl_acyl_carrier_protein_hydrolase_chloroplastic,A1U2T0] X=[183,187] pvalue=0.91 Lifts=[4.033898305084746, 0.0, 0.0, 0.0, 0.0, 0.0, 0.0]
 I=[0,6] (2,2) Y=[LCFA_ECOLI,A1U2T0] X=[16,179] pvalue=0.99 Lifts=[4.033898305084746, 0.0, 0.0, 0.0, 0.0, 0.0, 0.0]

0.000;0.000;0.000;0.000;0.000;0.000;0.000;0.000;0.000;0.000;0.000;0.000;0.000;0.000;0.000;0.000;0.000;0.000;0.000;0.000;0.000;0.000;0.000;0.000;0.000;0.000;0.000;0.000;0.000;0.000;0.000;0.000;
0.000;0.000;0.000;0.000;0.000;0.000;0.000;0.000;0.000;0.000;0.000;0.000;0.000;0.000;0.000;0.000;0.000;0.000;0.000;0.000;0.000;0.000;0.000;0.000;0.000;0.000;0.000;0.000;0.000;0.000;0.000;0.000;



0.000;0.000;5.000;0.000;0.000;0.000;0.000;0.000;0.000;0.000;0.000;0.000;0.000;0.000;0.000;0.000;0.000;0.000;0.000;0.000;0.000;0.000;0.000;0.000;0.000;0.000;0.000;0.000;0.000;0.000;0.000;0.000;
0.000;0.000;6.000;0.000;0.000;0.000;0.000;0.000;0.000;0.000;0.000;0.000;0.000;0.000;0.000;0.000;0.000;0.000;0.000;0.000;0.000;0.000;0.000;0.000;0.000;0.000;0.000;0.000;0.000;0.000;0.000;0.000;



1.000;0.000;0.000;0.000;6.000;0.000;0.000;0.000;0.000;0.000;0.000;0.000;0.000;0.000;0.000;0.000;0.000;0.000;0.000;0.000;0.000;0.000;0.000;0.000;
0.000;0.000;0.000;0.000;6.000;1.000;0.000;0.000;0.000;0.000;0.000;0.000;0.000;0.000;0.000;0.000;0.000;0.000;0.000;0.000;0.000;0.000;0.000;0.000;



0.000;5.000;0.000;0.000;0.000;0.000;0.000;0.000;0.000;0.000;0.000;0.000;
0.000;6.000;0.000;0.000;0.000;0.000;0.000;0.000;0.000;0.000;0.000;0.000;
0.000;6.000;0.000;0.000;0.000;0.000;0.000;0.000;0.000;0.000;0.000;0.000;
0.000;6.000;0.000;0.000;0.000;0.000;0.000;0.000;0.000;0.000;0.000;0.000;



0.000;0.000;0.000;0.000;0.000;0.000;0.000;0.000;0.000;0.000;0.000;0.000;0.000;0.000;0.000;0.000;0.000;0.000;0.000;0.000;0.000;0.000;0.000;
0.000;0.000;0.000;0.000;0.000;0.000;0.000;0.000;0.000;0.000;0.000;0.000;0.000;0.000;0.000;0.000;0.000;0.000;0.000;0.000;0.000;0.000;0.000;



0.000;0.000;0.000;0.000;0.000;0.000;0.000;0.000;0.000;0.000;0.000;0.000;0.000;0.000;0.000;
0.000;0.000;0.000;0.000;0.000;0.000;0.000;0.000;0.000;0.000;0.000;0.000;0.000;0.000;0.000;
0.000;0.000;0.000;0.000;0.000;0.000;0.000;0.000;0.000;0.000;0.000;0.000;0.000;0.000;0.000;



0.000;0.000;0.000;0.000;0.000;0.000;0.000;0.000;0.000;0.000;0.000;0.000;0.000;
0.000;0.000;0.000;0.000;0.000;0.000;0.000;0.000;0.000;0.000;0.000;0.000;0.000;
0.000;0.000;0.000;0.000;0.000;0.000;0.000;0.000;0.000;0.000;0.000;0.000;0.000;



0.000;0.000;0.000;0.000;0.000;0.000;0.000;0.000;0.000;0.000;0.000;0.000;0.000;0.000;0.000;0.000;0.000;0.000;
1.000;0.000;0.000;0.000;0.000;0.000;0.000;0.000;0.000;0.000;0.000;0.000;0.000;0.000;0.000;0.000;0.000;0.000;



3.000;0.000;0.000;0.000;5.000;0.000;0.000;0.000;0.000;0.000;0.000;0.000;0.000;0.000;0.000;0.000;0.000;
1.000;0.000;0.000;0.000;6.000;0.000;0.000;0.000;0.000;0.000;0.000;0.000;0.000;0.000;0.000;0.000;0.000;



0.000;0.000;5.000;0.000;0.000;0.000;0.000;0.000;0.000;0.000;0.000;
0.000;0.000;6.000;1.000;0.000;0.000;0.000;0.000;0.000;0.000;0.000;
0.000;0.000;6.000;0.000;0.000;0.000;0.000;0.000;0.000;0.000;0.000;



0.000;5.000;0.000;0.000;0.000;0.000;0.000;0.000;0.000;0.000;
0.000;6.000;0.000;0.000;0.000;0.000;0.000;0.000;0.000;0.000;
0.000;6.000;0.000;0.000;0.000;0.000;0.000;0.000;0.000;0.000;



0.000;0.000;0.000;0.000;0.000;0.000;0.000;0.000;0.000;0.000;0.000;0.000;0.000;0.000;
0.000;0.000;0.000;0.000;0.000;0.000;0.000;0.000;0.000;0.000;0.000;0.000;0.000;0.000;



0.000;0.000;0.000;0.000;0.000;0.000;0.000;0.000;0.000;0.000;0.000;0.000;0.000;0.000;
0.000;0.000;0.000;0.000;0.000;0.000;0.000;0.000;0.000;0.000;0.000;0.000;0.000;0.000;



0.000;0.000;0.000;0.000;0.000;0.000;0.000;0.000;0.000;
0.000;0.000;0.000;0.000;0.000;0.000;0.000;0.000;0.000;
0.000;0.000;0.000;0.000;0.000;0.000;0.000;0.000;0.000;



0.000;0.000;0.000;0.000;0.000;0.000;0.000;0.000;0.000;
0.000;0.000;0.000;0.000;0.000;0.000;0.000;0.000;0.000;
0.000;0.000;0.000;0.000;0.000;0.000;0.000;0.000;0.000;



0.000;0.000;0.000;0.000;0.000;0.000;0.000;0.000;0.000;
0.000;0.000;0.000;0.000;0.000;0.000;0.000;0.000;0.000;
0.000;0.000;0.000;0.000;0.000;0.000;0.000;0.000;0.000;



0.000;0.000;0.000;0.000;0.000;0.000;0.000;0.000;0.000;0.000;0.000;0.000;0.000;
0.000;0.000;0.000;0.000;0.000;0.000;0.000;0.000;0.000;0.000;0.000;0.000;0.000;



0.000;0.000;0.000;0.000;0.000;0.000;0.000;0.000;0.000;0.000;0.000;0.000;
0.000;0.000;0.000;0.000;0.000;0.000;0.000;0.000;0.000;0.000;0.000;0.000;



1.000;0.000;0.000;0.000;0.000;0.000;0.000;0.000;0.000;0.000;0.000;0.000;
2.000;0.000;0.000;0.000;0.000;0.000;0.000;0.000;0.000;0.000;0.000;0.000;



0.000;0.000;0.000;0.000;0.000;0.000;0.000;0.000;0.000;0.000;0.000;
0.000;0.000;0.000;0.000;0.000;0.000;0.000;0.000;0.000;0.000;0.000;



0.000;0.000;0.000;0.000;0.000;0.000;0.000;0.000;0.000;0.000;
0.000;0.000;0.000;0.000;0.000;0.000;0.000;0.000;0.000;0.000;



0.000;5.000;0.000;0.000;0.000;0.000;0.000;0.000;0.000;
0.000;6.000;0.000;0.000;0.000;0.000;0.000;0.000;0.000;



0.000;5.000;0.000;0.000;0.000;0.000;0.000;0.000;0.000;
0.000;6.000;0.000;0.000;0.000;0.000;0.000;0.000;0.000;



0.000;0.000;0.000;0.000;0.000;0.000;0.000;0.000;0.000;
0.000;0.000;0.000;0.000;0.000;0.000;0.000;0.000;0.000;



0.000;0.000;0.000;0.000;0.000;0.000;0.000;0.000;0.000;
0.000;0.000;0.000;0.000;0.000;0.000;0.000;0.000;0.000;



0.000;0.000;0.000;0.000;0.000;0.000;0.000;0.000;0.000;
0.000;0.000;0.000;0.000;0.000;0.000;0.000;0.000;0.000;



0.000;0.000;0.000;0.000;0.000;0.000;0.000;0.000;0.000;0.000;0.000;
0.000;0.000;0.000;0.000;0.000;0.000;0.000;0.000;0.000;0.000;0.000;



0.000;0.000;0.000;0.000;0.000;0.000;
0.000;0.000;0.000;0.000;0.000;0.000;



2.000;0.000;0.000;0.000;
1.000;0.000;0.000;0.000;
2.000;0.000;0.000;0.000;



0.000;0.000;0.000;
0.000;0.000;0.000;
0.000;0.000;0.000;
0.000;0.000;0.000;



0.000;0.000;0.000;
0.000;0.000;0.000;
0.000;0.000;0.000;



0.000;0.000;0.000;
0.000;0.000;0.000;
0.000;0.000;0.000;



0.000;0.000;0.000;
0.000;0.000;0.000;
0.000;0.000;0.000;



0.000;0.000;0.000;
0.000;0.000;0.000;
0.000;0.000;0.000;



0.000;0.000;0.000;
0.000;0.000;0.000;
0.000;0.000;0.000;



0.000;0.000;0.000;
0.000;0.000;0.000;
0.000;0.000;0.000;



0.000;0.000;0.000;
0.000;0.000;0.000;
0.000;0.000;0.000;



0.000;0.000;0.000;
0.000;0.000;0.000;
0.000;0.000;0.000;



0.000;0.000;0.000;
0.000;0.000;0.000;
0.000;0.000;0.000;



0.000;0.000;0.000;0.000;
0.000;0.000;0.000;0.000;



0.000;0.000;0.000;0.000;
0.000;0.000;0.000;0.000;



0.000;0.000;
0.000;0.000;
0.000;0.000;
0.000;0.000;



0.000;0.000;
0.000;0.000;
0.000;0.000;
0.000;0.000;



0.000;0.000;0.000;
0.000;0.000;0.000;



0.000;0.000;0.000;
0.000;0.000;0.000;



0.000;0.000;0.000;
0.000;0.000;0.000;



0.000;0.000;
0.000;0.000;
0.000;0.000;



0.000;0.000;
0.000;0.000;
0.000;0.000;



0.000;0.000;
0.000;0.000;
0.000;0.000;



0.000;0.000;
0.000;0.000;
0.000;0.000;



0.000;0.000;
0.000;0.000;
0.000;0.000;



0.000;0.000;
0.000;0.000;



0.000;0.000;
0.000;0.000;



0.000;0.000;
0.000;0.000;



