FOUND BICS:#53
 I=[6,0] (2,19) Y=[age-at-heart-attack,pericardial-effusion] X=[0,1,10,12,22,23,28,39,42,46,59,60,61,68,69,82,85,94,106] pvalue=0.19 Lifts=[1.7105263157894737, 1.3684210526315788, 0.8552631578947367, 0.6516290726817042, 0.4024767801857585, 0.9122807017543859, 0.804953560371517]
 I=[6,0] (2,17) Y=[wall-motion-index,pericardial-effusion] X=[4,6,10,14,32,37,45,53,57,65,69,73,76,83,87,97,109] pvalue=0.61 Lifts=[2.230392156862745, 1.9117647058823528, 0.4779411764705882, 0.3641456582633053, 0.0, 0.5098039215686274, 0.8996539792387543]
 I=[6,0] (2,15) Y=[lvdd,pericardial-effusion] X=[4,14,18,22,47,53,54,60,67,68,73,79,84,97,106] pvalue=0.31 Lifts=[1.4444444444444442, 1.3, 1.0833333333333333, 0.8253968253968254, 0.5098039215686274, 0.5777777777777777, 1.0196078431372548]
 I=[0,0] (2,13) Y=[fractional-shortening,pericardial-effusion] X=[18,37,45,47,53,57,68,73,79,82,85,105,123] pvalue=0.43 Lifts=[1.6666666666666665, 0.0, 1.25, 1.4285714285714286, 0.5882352941176471, 0.6666666666666666, 1.1764705882352942]
 I=[6,0] (2,13) Y=[epss,pericardial-effusion] X=[4,6,14,37,47,53,73,75,79,84,97,106,124] pvalue=0.43 Lifts=[2.083333333333333, 1.0, 1.8749999999999998, 0.4761904761904762, 0.5882352941176471, 0.6666666666666666, 0.0]
 I=[6,6,6] (3,7) Y=[epss,lvdd,wall-motion-index] X=[4,14,53,73,97,113,116] pvalue=5.156442203323758E-9 Lifts=[1.5476190476190477, 0.9285714285714286, 1.1607142857142856, 0.8843537414965986, 1.0924369747899159, 1.2380952380952381, 0.0]
 I=[5,1] (2,9) Y=[lvdd,pericardial-effusion] X=[17,19,21,31,36,66,86,96,111] pvalue=0.005782249277123757 Lifts=[2.407407407407407, 0.7222222222222221, 1.8055555555555554, 0.6878306878306878, 0.0, 0.0, 0.849673202614379]
 I=[6,4,0] (3,6) Y=[age-at-heart-attack,wall-motion-index,pericardial-effusion] X=[42,46,60,68,82,106] pvalue=0.02 Lifts=[1.8055555555555554, 1.0833333333333333, 1.3541666666666665, 0.0, 0.0, 1.4444444444444442, 1.2745098039215685]
 I=[6,3,0] (3,5) Y=[age-at-heart-attack,fractional-shortening,pericardial-effusion] X=[22,61,69,94,106] pvalue=0.04 Lifts=[3.25, 0.0, 0.0, 1.2380952380952381, 0.0, 1.7333333333333334, 0.0]
 I=[0,6,0] (3,5) Y=[fractional-shortening,epss,pericardial-effusion] X=[37,47,53,73,79] pvalue=0.005770188994692126 Lifts=[2.1666666666666665, 0.0, 1.6249999999999998, 1.2380952380952381, 1.5294117647058822, 0.0, 0.0]
 I=[0,6,0] (3,5) Y=[fractional-shortening,wall-motion-index,pericardial-effusion] X=[37,45,53,57,73] pvalue=0.02 Lifts=[2.1666666666666665, 0.0, 0.0, 1.2380952380952381, 0.0, 1.7333333333333334, 1.5294117647058822]
 I=[1,3,0] (3,5) Y=[fractional-shortening,epss,pericardial-effusion] X=[13,20,65,71,122] pvalue=0.03 Lifts=[2.1666666666666665, 0.0, 0.0, 0.0, 1.5294117647058822, 1.7333333333333334, 1.5294117647058822]
 I=[3,6,6] (3,5) Y=[age-at-heart-attack,epss,wall-motion-index] X=[6,14,17,113,116] pvalue=3.2535494247924205E-6 Lifts=[2.1666666666666665, 1.2999999999999998, 0.0, 0.0, 1.5294117647058822, 1.7333333333333334, 0.0]
 I=[2,5] (2,6) Y=[fractional-shortening,lvdd] X=[21,31,64,86,96,103] pvalue=0.007969863701611242 Lifts=[1.8055555555555554, 1.0833333333333333, 1.3541666666666665, 1.0317460317460316, 0.0, 0.0, 1.2745098039215685]
 I=[5,5] (2,6) Y=[epss,lvdd] X=[19,21,31,86,92,117] pvalue=0.02 Lifts=[2.708333333333333, 0.0, 1.3541666666666665, 0.0, 2.549019607843137, 0.0, 0.0]
 I=[6,1] (2,6) Y=[wall-motion-index,pericardial-effusion] X=[17,19,41,48,113,116] pvalue=0.13 Lifts=[2.708333333333333, 0.0, 1.3541666666666665, 0.0, 1.2745098039215685, 1.4444444444444442, 0.0]
 I=[3,1] (2,6) Y=[age-at-heart-attack,pericardial-effusion] X=[11,17,36,48,113,116] pvalue=0.05 Lifts=[1.8055555555555554, 0.0, 1.3541666666666665, 0.0, 1.2745098039215685, 1.4444444444444442, 1.2745098039215685]
 I=[3,3] (2,5) Y=[epss,lvdd] X=[3,16,63,65,70] pvalue=0.01 Lifts=[2.1666666666666665, 1.2999999999999998, 0.0, 0.0, 1.5294117647058822, 0.0, 1.5294117647058822]
 I=[5,6] (2,5) Y=[lvdd,wall-motion-index] X=[6,17,19,57,69] pvalue=0.16 Lifts=[3.25, 1.2999999999999998, 0.0, 0.0, 0.0, 0.0, 1.5294117647058822]
 I=[5,1] (2,5) Y=[epss,pericardial-effusion] X=[19,21,31,80,86] pvalue=0.09 Lifts=[3.25, 0.0, 1.6249999999999998, 1.2380952380952381, 0.0, 0.0, 0.0]
 I=[6,0] (2,19) Y=[age-at-heart-attack,pericardial-effusion] X=[0,1,10,12,22,23,28,39,42,46,59,60,61,68,69,82,85,94,106] pvalue=0.19 Lifts=[1.7105263157894737, 1.3684210526315788, 0.8552631578947367, 0.6516290726817042, 0.4024767801857585, 0.9122807017543859, 0.804953560371517]
 I=[6,0] (2,8) Y=[epss,pericardial-effusion] X=[6,37,47,75,79,84,106,124] pvalue=0.91 Lifts=[2.03125, 0.8124999999999999, 2.03125, 0.0, 0.9558823529411764, 1.0833333333333333, 0.0]
 I=[6,3,0] (3,5) Y=[age-at-heart-attack,fractional-shortening,pericardial-effusion] X=[22,61,69,94,106] pvalue=0.04 Lifts=[3.25, 0.0, 0.0, 1.2380952380952381, 0.0, 1.7333333333333334, 0.0]
 I=[3,1] (2,6) Y=[age-at-heart-attack,pericardial-effusion] X=[11,17,36,48,113,116] pvalue=0.05 Lifts=[1.8055555555555554, 0.0, 1.3541666666666665, 0.0, 1.2745098039215685, 1.4444444444444442, 1.2745098039215685]
 I=[6,6,0] (3,4) Y=[age-at-heart-attack,lvdd,pericardial-effusion] X=[22,60,68,106] pvalue=0.06 Lifts=[2.708333333333333, 1.6249999999999998, 0.0, 0.0, 0.0, 0.0, 1.9117647058823528]
 I=[3,3] (2,5) Y=[epss,lvdd] X=[3,16,63,65,70] pvalue=0.01 Lifts=[2.1666666666666665, 1.2999999999999998, 0.0, 0.0, 1.5294117647058822, 0.0, 1.5294117647058822]
 I=[6,0,0] (3,3) Y=[age-at-heart-attack,fractional-shortening,pericardial-effusion] X=[68,82,85] pvalue=0.14 Lifts=[3.6111111111111107, 0.0, 0.0, 0.0, 0.0, 0.0, 2.549019607843137]
 I=[6,4,0] (3,3) Y=[age-at-heart-attack,epss,pericardial-effusion] X=[22,69,85] pvalue=0.08 Lifts=[5.416666666666666, 0.0, 0.0, 0.0, 0.0, 0.0, 0.0]
 I=[4,0,0] (3,3) Y=[lvdd,wall-motion-index,pericardial-effusion] X=[30,89,101] pvalue=0.38 Lifts=[3.6111111111111107, 0.0, 0.0, 2.0634920634920633, 0.0, 0.0, 0.0]
 I=[1,4,0] (3,3) Y=[fractional-shortening,lvdd,pericardial-effusion] X=[30,62,124] pvalue=0.08 Lifts=[3.6111111111111107, 0.0, 2.708333333333333, 0.0, 0.0, 0.0, 0.0]
 I=[5,3] (2,4) Y=[age-at-heart-attack,epss] X=[16,20,63,89] pvalue=0.05 Lifts=[4.0625, 1.6249999999999998, 0.0, 0.0, 0.0, 0.0, 0.0]
 I=[5,5] (2,4) Y=[age-at-heart-attack,wall-motion-index] X=[16,20,38,44] pvalue=0.09 Lifts=[2.708333333333333, 1.6249999999999998, 2.03125, 0.0, 0.0, 0.0, 0.0]
 I=[3,5] (2,4) Y=[epss,wall-motion-index] X=[3,16,20,71] pvalue=0.16 Lifts=[2.708333333333333, 0.0, 0.0, 0.0, 1.9117647058823528, 0.0, 1.9117647058823528]
 I=[5,3] (2,3) Y=[age-at-heart-attack,lvdd] X=[16,63,75] pvalue=0.07 Lifts=[3.6111111111111107, 2.1666666666666665, 0.0, 0.0, 0.0, 0.0, 0.0]
 I=[3,4] (2,3) Y=[fractional-shortening,epss] X=[22,69,121] pvalue=0.14 Lifts=[3.6111111111111107, 2.1666666666666665, 0.0, 0.0, 0.0, 0.0, 0.0]
 I=[3,6,0] (3,2) Y=[fractional-shortening,epss,pericardial-effusion] X=[75,106] pvalue=0.32 Lifts=[5.416666666666666, 0.0, 0.0, 0.0, 0.0, 0.0, 0.0]
 I=[3,6,0] (3,2) Y=[fractional-shortening,lvdd,pericardial-effusion] X=[22,106] pvalue=0.35 Lifts=[5.416666666666666, 0.0, 0.0, 0.0, 0.0, 0.0, 0.0]
 I=[2,1,5,4,4,0] (6,1) Y=[age-at-heart-attack,fractional-shortening,epss,lvdd,wall-motion-index,pericardial-effusion] X=[62] pvalue=1.5710818909727573E-5 Lifts=[5.416666666666666, 0.0, 0.0, 0.0, 0.0, 0.0, 0.0]
 I=[5,2,3,4,0,0] (6,1) Y=[age-at-heart-attack,fractional-shortening,epss,lvdd,wall-motion-index,pericardial-effusion] X=[89] pvalue=1.4624770730319644E-5 Lifts=[5.416666666666666, 0.0, 0.0, 0.0, 0.0, 0.0, 0.0]
 I=[5,4,3,3,5,1] (6,1) Y=[age-at-heart-attack,fractional-shortening,epss,lvdd,wall-motion-index,pericardial-effusion] X=[16] pvalue=4.229696825005226E-7 Lifts=[5.416666666666666, 0.0, 0.0, 0.0, 0.0, 0.0, 0.0]
 I=[5,1,3,5,5,0] (6,1) Y=[age-at-heart-attack,fractional-shortening,epss,lvdd,wall-motion-index,pericardial-effusion] X=[20] pvalue=2.7612982190711296E-5 Lifts=[5.416666666666666, 0.0, 0.0, 0.0, 0.0, 0.0, 0.0]
 I=[3,5,1,0,5,0] (6,1) Y=[age-at-heart-attack,fractional-shortening,epss,lvdd,wall-motion-index,pericardial-effusion] X=[102] pvalue=1.1975820748666582E-5 Lifts=[5.416666666666666, 0.0, 0.0, 0.0, 0.0, 0.0, 0.0]
 I=[4,1,4,0,0] (5,1) Y=[age-at-heart-attack,fractional-shortening,lvdd,wall-motion-index,pericardial-effusion] X=[30] pvalue=0.0023195076123758446 Lifts=[5.416666666666666, 0.0, 0.0, 0.0, 0.0, 0.0, 0.0]
 I=[6,0,3,2,0] (5,1) Y=[age-at-heart-attack,fractional-shortening,epss,lvdd,pericardial-effusion] X=[82] pvalue=9.709325056988444E-4 Lifts=[5.416666666666666, 0.0, 0.0, 0.0, 0.0, 0.0, 0.0]
 I=[6,0,4,1,0] (5,1) Y=[age-at-heart-attack,fractional-shortening,epss,lvdd,pericardial-effusion] X=[85] pvalue=4.188147352917742E-4 Lifts=[5.416666666666666, 0.0, 0.0, 0.0, 0.0, 0.0, 0.0]
 I=[4,5,3,6,0] (5,1) Y=[fractional-shortening,epss,lvdd,wall-motion-index,pericardial-effusion] X=[76] pvalue=6.477771142667523E-4 Lifts=[5.416666666666666, 0.0, 0.0, 0.0, 0.0, 0.0, 0.0]
 I=[0,3,3,0] (4,1) Y=[age-at-heart-attack,epss,lvdd,pericardial-effusion] X=[65] pvalue=0.01 Lifts=[5.416666666666666, 0.0, 0.0, 0.0, 0.0, 0.0, 0.0]
 I=[5,3,3,0] (4,1) Y=[age-at-heart-attack,lvdd,wall-motion-index,pericardial-effusion] X=[75] pvalue=0.009100092399943976 Lifts=[5.416666666666666, 0.0, 0.0, 0.0, 0.0, 0.0, 0.0]
 I=[6,4,6,0] (4,1) Y=[age-at-heart-attack,epss,lvdd,pericardial-effusion] X=[22] pvalue=0.01 Lifts=[5.416666666666666, 0.0, 0.0, 0.0, 0.0, 0.0, 0.0]
 I=[0,5,1] (3,1) Y=[age-at-heart-attack,lvdd,pericardial-effusion] X=[31] pvalue=0.09 Lifts=[5.416666666666666, 0.0, 0.0, 0.0, 0.0, 0.0, 0.0]
 I=[2,6,0] (3,1) Y=[age-at-heart-attack,wall-motion-index,pericardial-effusion] X=[83] pvalue=0.78 Lifts=[5.416666666666666, 0.0, 0.0, 0.0, 0.0, 0.0, 0.0]
 I=[6,5,1] (3,1) Y=[age-at-heart-attack,lvdd,pericardial-effusion] X=[21] pvalue=0.12 Lifts=[5.416666666666666, 0.0, 0.0, 0.0, 0.0, 0.0, 0.0]
 I=[3,0,1] (3,1) Y=[age-at-heart-attack,fractional-shortening,pericardial-effusion] X=[17] pvalue=0.06 Lifts=[5.416666666666666, 0.0, 0.0, 0.0, 0.0, 0.0, 0.0]

6.000;4.000;0.000;0.000;0.000;0.000;0.000;0.000;0.000;0.000;0.000;0.000;0.000;0.000;0.000;0.000;0.000;0.000;0.000;
5.000;4.000;0.000;0.000;0.000;0.000;0.000;0.000;0.000;0.000;0.000;0.000;0.000;0.000;0.000;0.000;0.000;0.000;0.000;



6.000;0.000;0.000;0.000;0.000;0.000;0.000;0.000;0.000;0.000;0.000;0.000;0.000;0.000;0.000;0.000;0.000;
0.000;0.000;0.000;0.000;0.000;0.000;0.000;0.000;0.000;0.000;0.000;0.000;0.000;0.000;0.000;0.000;0.000;



5.000;0.000;0.000;0.000;0.000;0.000;0.000;0.000;0.000;0.000;0.000;0.000;0.000;0.000;0.000;
0.000;0.000;0.000;0.000;0.000;0.000;0.000;0.000;0.000;0.000;0.000;0.000;0.000;0.000;0.000;



0.000;0.000;0.000;0.000;0.000;0.000;0.000;0.000;0.000;0.000;0.000;0.000;0.000;
0.000;0.000;0.000;0.000;0.000;0.000;0.000;0.000;0.000;0.000;0.000;0.000;0.000;



0.000;0.000;0.000;0.000;0.000;0.000;0.000;0.000;0.000;0.000;0.000;0.000;0.000;
0.000;0.000;0.000;0.000;0.000;0.000;0.000;0.000;0.000;0.000;0.000;0.000;0.000;



0.000;0.000;0.000;0.000;0.000;0.000;0.000;
5.000;0.000;0.000;0.000;0.000;0.000;0.000;
6.000;0.000;0.000;0.000;0.000;0.000;0.000;



0.000;0.000;0.000;0.000;0.000;0.000;0.000;0.000;0.000;
0.000;0.000;0.000;0.000;0.000;0.000;0.000;0.000;0.000;



0.000;0.000;0.000;0.000;0.000;0.000;
0.000;0.000;0.000;0.000;0.000;0.000;
0.000;0.000;0.000;0.000;0.000;0.000;



0.000;0.000;0.000;0.000;0.000;
0.000;0.000;0.000;0.000;0.000;
0.000;0.000;0.000;0.000;0.000;



0.000;0.000;0.000;0.000;0.000;
0.000;0.000;0.000;0.000;0.000;
0.000;0.000;0.000;0.000;0.000;



0.000;0.000;0.000;0.000;0.000;
0.000;0.000;0.000;0.000;0.000;
0.000;0.000;0.000;0.000;0.000;



0.000;0.000;0.000;0.000;0.000;
0.000;0.000;0.000;0.000;0.000;
0.000;0.000;0.000;0.000;0.000;



0.000;0.000;0.000;0.000;0.000;
0.000;0.000;0.000;0.000;0.000;
0.000;0.000;0.000;0.000;0.000;



0.000;0.000;0.000;0.000;0.000;0.000;
0.000;0.000;0.000;0.000;0.000;0.000;



0.000;0.000;0.000;0.000;0.000;0.000;
0.000;0.000;0.000;0.000;0.000;0.000;



0.000;0.000;0.000;0.000;0.000;0.000;
0.000;0.000;0.000;0.000;0.000;0.000;



0.000;0.000;0.000;0.000;0.000;0.000;
0.000;0.000;0.000;0.000;0.000;0.000;



0.000;0.000;0.000;0.000;0.000;
3.000;0.000;0.000;0.000;0.000;



0.000;0.000;0.000;0.000;0.000;
0.000;0.000;0.000;0.000;0.000;



0.000;0.000;0.000;0.000;0.000;
0.000;0.000;0.000;0.000;0.000;



6.000;4.000;0.000;0.000;0.000;0.000;0.000;0.000;0.000;0.000;0.000;0.000;0.000;0.000;0.000;0.000;0.000;0.000;0.000;
5.000;4.000;0.000;0.000;0.000;0.000;0.000;0.000;0.000;0.000;0.000;0.000;0.000;0.000;0.000;0.000;0.000;0.000;0.000;



0.000;0.000;0.000;0.000;0.000;0.000;0.000;0.000;
0.000;0.000;0.000;0.000;0.000;0.000;0.000;0.000;



0.000;0.000;0.000;0.000;0.000;
0.000;0.000;0.000;0.000;0.000;
0.000;0.000;0.000;0.000;0.000;



0.000;0.000;0.000;0.000;0.000;0.000;
0.000;0.000;0.000;0.000;0.000;0.000;



0.000;0.000;0.000;0.000;
0.000;0.000;0.000;0.000;
0.000;0.000;0.000;0.000;



0.000;0.000;0.000;0.000;0.000;
3.000;0.000;0.000;0.000;0.000;



0.000;0.000;0.000;
0.000;0.000;0.000;
0.000;0.000;0.000;



0.000;0.000;0.000;
0.000;0.000;0.000;
0.000;0.000;0.000;



0.000;0.000;0.000;
0.000;0.000;0.000;
0.000;0.000;0.000;



0.000;0.000;0.000;
0.000;0.000;0.000;
0.000;0.000;0.000;



0.000;0.000;0.000;0.000;
0.000;0.000;0.000;0.000;



0.000;0.000;0.000;0.000;
0.000;0.000;0.000;0.000;



0.000;0.000;0.000;0.000;
6.000;0.000;0.000;0.000;



0.000;0.000;0.000;
0.000;0.000;0.000;



0.000;0.000;0.000;
0.000;0.000;0.000;



0.000;0.000;
0.000;0.000;
0.000;0.000;



0.000;0.000;
0.000;0.000;
0.000;0.000;



0.000;
0.000;
0.000;
0.000;
0.000;
0.000;



0.000;
0.000;
0.000;
0.000;
0.000;
0.000;



0.000;
0.000;
0.000;
0.000;
0.000;
0.000;



0.000;
0.000;
0.000;
0.000;
0.000;
0.000;



0.000;
0.000;
0.000;
0.000;
0.000;
0.000;



0.000;
0.000;
0.000;
0.000;
0.000;



0.000;
0.000;
0.000;
0.000;
0.000;



0.000;
0.000;
0.000;
0.000;
0.000;



0.000;
0.000;
0.000;
0.000;
0.000;



0.000;
0.000;
0.000;
0.000;



0.000;
0.000;
0.000;
0.000;



0.000;
0.000;
0.000;
0.000;



0.000;
0.000;
0.000;



0.000;
0.000;
0.000;



0.000;
0.000;
0.000;



0.000;
0.000;
0.000;



