+----------------------------------+----------------------+-----------------------+-----------------------+-----------------------+------------------------+------------------------+-----------------------+----------------------+------------------------+------------------------+-----------------------+-----------------------+-----------------------+-----------------------+-----------------------+------------------------+
|              Metric              |          P1          |           P2          |           P3          |           P4          |           P5           |           P6           |           P7          |          P8          |           P9           |          P10           |          P11          |          P12          |          P13          |          P14          |          P15          |          P16           |
+----------------------------------+----------------------+-----------------------+-----------------------+-----------------------+------------------------+------------------------+-----------------------+----------------------+------------------------+------------------------+-----------------------+-----------------------+-----------------------+-----------------------+-----------------------+------------------------+
|  Outcome selected for analysis   |         0.0          |          0.0          |          0.0          |          0.0          |          2.0           |          0.0           |          0.0          |         0.0          |          0.0           |          2.0           |          0.0          |          0.0          |          1.0          |          0.0          |          0.0          |          0.0           |
|         Information Gain         | 0.051995221440225184 |  0.04607642191421646  |  0.03995596273605516  |  0.033642913755300215 | 0.00046587808409852564 |  0.004186093249637871  |  0.02716755726218225  |  0.0540086728182878  |  0.01283160858510219   |  0.016795642535307267  |  0.13800061500071795  |  0.13800061500071795  |  0.009796740488527172 |   0.1251119214202395  |   0.1251119214202395  |  0.011175162157526262  |
|           Chi-squared            |  6.036213567900631   |   5.111262089351503   |   4.219300223507509   |   3.3668645868165097  |  0.04933504933504935   |  0.43472655852463543   |   2.5628910982133726  |  4.901360599745298   |   0.7638902112183256   |   1.1040218078381796   |   5.283675600417681   |   5.283675600417681   |   0.9196419392266005  |   3.1516661476175645  |   3.1516661476175645  |  0.37859470994592453   |
|            Gini index            | 0.008744534188768638 |  0.007404576658084805 |  0.006112410477545849 | 0.0048775051043482565 | 6.0552045429096424e-05 | 0.0006297791174918466  |  0.00371280581416078  | 0.007100496835280579 |  0.001106631498922983  | 0.0013550362179435282  | 0.0076543484438512666 | 0.0076543484438512666 | 0.0008713655594563274 |  0.00456575170334983  |  0.00456575170334983  | 0.0005484621025363401  |
|      Difference in Support       | 0.05396046261430877  |  0.04804330285099516  |  0.04212614308768155  |  0.036208983324367935 |  0.004761904761904759  |  0.013011027434104351  |  0.030291823561054327 | 0.04189080150618611  |  0.012305002689618073  |  0.01607142857142857   |  0.029585798816568046 |  0.029585798816568046 |  0.02035571090778247  |  0.01775147928994083  |  0.01775147928994083  |  0.006152501344809037  |
|          Bigger Support          | 0.07100591715976332  |   0.0650887573964497  |  0.05917159763313609  |  0.05325443786982248  |  0.03809523809523809   |  0.04142011834319526   |  0.047337278106508875 | 0.05325443786982248  |  0.023668639053254437  |  0.02857142857142857   |  0.029585798816568046 |  0.029585798816568046 |  0.04225352112676057  |  0.01775147928994083  |  0.01775147928994083  |  0.011834319526627219  |
|            Confidence            |         0.8          |   0.7857142857142857  |   0.7692307692307692  |          0.75         |   0.3333333333333333   |   0.5833333333333333   |   0.7272727272727273  |  0.8181818181818181  |   0.6666666666666666   |          0.5           |          1.0          |          1.0          |  0.33333333333333337  |          1.0          |          1.0          |   0.6666666666666666   |
|          All-Confidence          | 0.07100591715976332  |   0.0650887573964497  |  0.05917159763313609  |  0.05325443786982248  |  0.03809523809523809   |  0.04142011834319526   |  0.047337278106508875 | 0.05325443786982248  |  0.023668639053254437  |  0.02857142857142857   |  0.029585798816568046 |  0.029585798816568046 |  0.04225352112676057  |  0.01775147928994083  |  0.01775147928994083  |  0.011834319526627219  |
|               Lift               |  1.6331360946745563  |   1.6039729501267963  |   1.5703231679563041  |   1.5310650887573964  |   1.0952380952380951   |   1.1908284023668638   |   1.4846691769768692  |  1.6702528240989778  |   1.3609467455621302   |   1.6428571428571428   |   2.0414201183431953  |   2.0414201183431953  |   1.619718309859155   |   2.0414201183431953  |   2.0414201183431953  |   1.3609467455621302   |
|        Standardised Lift         |  0.7857142857142858  |   0.7692307692307693  |          0.75         |   0.7272727272727273  |   0.2727272727272727   |   0.5454545454545454   |          0.7          |  0.7999999999999999  |          0.6           |          0.4           |          1.0          |          1.0          |          0.25         |          1.0          |          1.0          |   0.5000000000000001   |
|       Collective Strength        |  1.0977143371352727  |   1.0887869269838226  |   1.0798803089777507  |   1.0709943071906265  |   1.0384863799497948   |   1.0478254823198423   |   1.0621287477976786  |  1.073694176213969   |   1.0295737808778502   |   1.0275297980435776   |   1.0437165885551714  |   1.0437165885551714  |   1.0352589144133106  |   1.026172285852277   |   1.026172285852277   |   1.0147548602638907   |
|              Cosine              | 0.23833743668968718  |  0.22614412777205142  |  0.21334622931739583  |  0.19985201625794735  |   0.1126872339638022   |  0.15544045708951462   |  0.18554544281708532  | 0.20873862316922095  |  0.12561485860426555   |  0.11952286093343936   |  0.17200522903844537  |  0.17200522903844537  |  0.11867816581938535  |  0.13323467750529824  |  0.13323467750529824  |   0.0888231183368655   |
|         Interestingness          | 0.05679900672251989  |  0.05113644018398998  |  0.04551278944182826  |  0.039937808301920556 |  0.012697985950663957  |  0.024160314720151854  |  0.03442479740865664  | 0.043568518147549695 |  0.015778562423901958  |  0.014285354217301286  |  0.02958455597687821  |  0.02958455597687821  |  0.014084152045226625 |  0.01775103186765249  |  0.01775103186765249  |  0.007889413781517895  |
|        Comprehensibility         |         0.5          |          0.5          |          0.5          |          0.5          |          0.5           |          0.5           |          0.5          |         0.5          |  0.43067655807339306   |  0.43067655807339306   |  0.43067655807339306  |  0.43067655807339306  |          0.5          |  0.43067655807339306  |  0.43067655807339306  |  0.43067655807339306   |
|           Completeness           | 0.07100591715976332  |   0.0650887573964497  |  0.05917159763313609  |  0.05325443786982248  |  0.03809523809523809   |  0.04142011834319526   |  0.047337278106508875 | 0.05325443786982248  |  0.023668639053254437  |  0.02857142857142857   |  0.029585798816568046 |  0.029585798816568046 |  0.04225352112676057  |  0.01775147928994083  |  0.01775147928994083  |  0.011834319526627219  |
|           Added Value            |  0.3101449275362319  |  0.29585921325051756  |   0.279375696767001   |  0.26014492753623186  |  0.028985507246376774  |  0.09347826086956512   |  0.23741765480895916  |   0.32832674571805   |   0.1768115942028985   |  0.19565217391304346   |   0.5101449275362319  |   0.5101449275362319  |  0.12753623188405802  |   0.5101449275362319  |   0.5101449275362319  |   0.1768115942028985   |
|        Casual Confidence         |  0.4181818181818182  |   0.4094734570565386  |    0.39967562557924   |   0.3885135135135135  |  0.17267267267267267   |   0.3021771771771771   |  0.37561241154055525  | 0.42256396298312465  |   0.3392330383480826   |  0.25442477876106195   |   0.5073529411764706  |   0.5073529411764706  |   0.1711309523809524  |   0.5043859649122807  |   0.5043859649122807  |   0.3362573099415205   |
|          Casual Support          |  0.5362318840579711  |   0.5333333333333333  |   0.5304347826086957  |   0.527536231884058   |   0.6840579710144927   |   0.5159420289855072   |   0.5246376811594203  |  0.5304347826086956  |   0.5159420289855072   |   0.6956521739130435   |   0.5246376811594202  |   0.5246376811594202  |   0.7855072463768116  |   0.5188405797101449  |   0.5188405797101449  |   0.5130434782608696   |
|         Certainty Factor         |  0.6079545454545455  |   0.5799512987012987  |    0.54763986013986   |   0.5099431818181818  |  0.041666666666666616  |   0.1832386363636362   |  0.46539256198347106  |  0.6435950413223139  |   0.346590909090909    |        0.28125         |          1.0          |          1.0          |  0.16058394160583947  |          1.0          |          1.0          |   0.346590909090909    |
|            Conviction            |  2.550724637681159   |   2.3806763285024153  |   2.210628019323672   |   2.0405797101449274  |   1.0434782608695652   |   1.2243478260869565   |   1.8705314009661835  |  2.8057971014492753  |   1.5304347826086957   |   1.391304347826087    |          inf          |          inf          |   1.191304347826087   |          inf          |          inf          |   1.5304347826086957   |
|        Coverage (Support)        | 0.043478260869565216 |  0.04057971014492753  |  0.03768115942028986  |  0.034782608695652174 |  0.034782608695652174  |  0.034782608695652174  |  0.03188405797101449  | 0.03188405797101449  |  0.017391304347826087  |  0.017391304347826087  |  0.014492753623188406 |  0.014492753623188406 |  0.02608695652173913  |  0.008695652173913044 |  0.008695652173913044 |  0.008695652173913044  |
| Descriptive Confirmed Confidence |  0.6000000000000001  |   0.5714285714285714  |   0.5384615384615384  |          0.5          |  -0.3333333333333333   |  0.16666666666666657   |  0.45454545454545453  |  0.6363636363636362  |   0.3333333333333333   |          0.0           |          1.0          |          1.0          |  -0.33333333333333337 |          1.0          |          1.0          |   0.3333333333333333   |
|    Difference of Proportions     |  0.3242424242424243  |   0.308372895986189   |  0.29031510658016674  |   0.2695195195195195  |  0.03003003003003002   |  0.09684684684684675   |  0.24523679912901475  | 0.33913990201415345  |  0.17994100294985244   |   0.1991150442477876   |   0.5176470588235293  |   0.5176470588235293  |   0.130952380952381   |   0.5146198830409356  |   0.5146198830409356  |  0.17836257309941517   |
|   Example and Counter Example    |         0.75         |   0.7272727272727273  |          0.7          |   0.6666666666666666  |          -1.0          |  0.28571428571428564   |         0.625         |  0.7777777777777778  |          0.5           |          0.0           |          1.0          |          1.0          |          -1.0         |          1.0          |          1.0          |          0.5           |
|         Imbalance Ratio          |  0.8953488372093024  |   0.9011627906976745  |   0.9069767441860466  |   0.9127906976744186  |   0.8230088495575223   |   0.9022988505747126   |   0.9186046511627907  |  0.9239766081871343  |   0.9532163742690057   |   0.9166666666666665   |   0.970414201183432   |   0.970414201183432   |   0.8051948051948051  |   0.9822485207100592  |   0.9822485207100592  |   0.9764705882352943   |
|  Fisher's Exact Test (p-value)   | 0.012795778042851924 |  0.02186193367381306  |  0.03669116667126593  |  0.06036090395566174  |   0.5224136327578044   |   0.357636632377479    |  0.09707840014682856  | 0.026190286113015215 |  0.32344428584640594   |  0.26246881216107343   |  0.027355984375069142 |  0.027355984375069142 |   0.2758180690858827  |  0.11647716720661982  |  0.11647716720661982  |   0.4847403066383278   |
|         Hyper Confidence         |  0.9872042219571481  |   0.9781380663261869  |   0.9633088333287341  |   0.9396390960443383  |   0.4775863672421956   |   0.642363367622521    |   0.9029215998531714  |  0.9738097138869848  |   0.6765557141535941   |   0.7375311878389266   |   0.9726440156249309  |   0.9726440156249309  |   0.7241819309141173  |   0.8835228327933802  |   0.8835228327933802  |   0.5152596933616722   |
|            Hyper Lift            |         1.2          |          1.1          |   1.1111111111111112  |          1.0          |   0.6666666666666666   |   0.7777777777777778   |          1.0          |        1.125         |          0.8           |          0.75          |          1.25         |          1.25         |          0.75         |          1.0          |          1.0          |   0.6666666666666666   |
|   Laplace Corrected Confidence   |  0.7222222222222222  |   0.7058823529411765  |         0.6875        |   0.6666666666666666  |   0.3333333333333333   |   0.5333333333333333   |   0.6428571428571429  |  0.7142857142857143  |   0.5555555555555556   |   0.4444444444444444   |          0.75         |          0.75         |   0.3333333333333333  |   0.6666666666666666  |   0.6666666666666666  |          0.5           |
|            Importance            |  0.5118833609788743  |  0.47712125471966244  |   0.4393326938302626  |   0.3979400086720376  |   -0.255272505103306   |   0.1249387366082999   |  0.35218251811136253  |  0.5228787452803376  |  0.22184874961635637   |          0.0           |   0.7781512503836435  |   0.7781512503836435  |  -0.24303804868629444 |   0.6020599913279623  |   0.6020599913279623  |  0.17609125905568124   |
|       Jaccard Coefficient        | 0.06976744186046512  |  0.06395348837209301  |  0.058139534883720936 |  0.05232558139534883  |  0.035398230088495575  |  0.04022988505747126   |  0.04651162790697675  | 0.05263157894736842  |  0.023391812865497075  |  0.027777777777777776  |  0.02958579881656805  |  0.02958579881656805  |  0.03896103896103897  |  0.01775147928994083  |  0.01775147928994083  |  0.011764705882352941  |
|            J-Measure             | 0.003873268980254629 | 0.0032668590673539393 | 0.0026850532479521373 | 0.0021324121520440325 | 2.946933212344589e-05  | 0.00026498614122092475 |  0.001614905880603589 | 0.003214282342597287 | 0.00048039092954956755 | 0.0006276318090177543  |  0.004491773774776819 |  0.004491773774776819 | 0.0004990785915560557 | 0.0026950642648660914 | 0.0026950642648660914 | 0.00024019546477478378 |
|              Kappa               | 0.054956343091936415 |  0.04893584233686633  |  0.04291389821220647  |  0.03689051019883883  | 0.0063416567578282275  |  0.01325592149206197   |  0.030865677777397234 | 0.04268438902401412  |  0.012545632166178154  |  0.021871202916160522  |  0.03016798080219385  |  0.03016798080219385  |  0.030088899019831285 |  0.018105133216747227 |  0.018105133216747227 |  0.006275074580804642  |
|             Klosgen              | 0.057842327235775995 |  0.05282893955260922  |  0.047564077281637085 |  0.042017196269322044 | 0.0031210545046850132  |  0.013315273651875008  |  0.036153342600886415 | 0.05302955335687542  |   0.0190384324785786   |  0.018244659291658312  |  0.061414232298827184 |  0.061414232298827184 |  0.011892814945673572 |  0.04757125978269427  |  0.04757125978269427  |  0.013462204708765137  |
|            Kulczynski            |  0.4355029585798817  |   0.4254015215553677  |   0.4142011834319526  |  0.40162721893491127  |   0.1857142857142857   |  0.31237672583826426   |   0.3873050026896181  | 0.43571812802582033  |  0.34516765285996054   |   0.2642857142857143   |   0.514792899408284   |   0.514792899408284   |  0.18779342723004697  |   0.5088757396449705  |   0.5088757396449705  |   0.3392504930966469   |
|     Goodman-Kruskal's Lambda     |  0.4714714714714715  |   0.4730538922155689  |   0.4746268656716418  |   0.4761904761904762  |   0.2961876832844575   |   0.4792899408284024   |  0.47774480712166173  |  0.4761904761904762  |   0.4838709677419355   |  0.29824561403508776   |  0.48235294117647065  |  0.48235294117647065  |  0.19883040935672514  |  0.48538011695906436  |  0.48538011695906436  |   0.4868804664723032   |
|       Least Contradiction        | 0.05325443786982249  |  0.047337278106508875 |  0.04142011834319526  |  0.03550295857988165  |  -0.03809523809523809  |  0.011834319526627215  |  0.029585798816568046 | 0.04142011834319526  |  0.011834319526627219  |          0.0           |  0.029585798816568046 |  0.029585798816568046 |  -0.04225352112676057 |  0.01775147928994083  |  0.01775147928994083  |  0.005917159763313609  |
|        Lerman Similarity         |  1.7162340233928461  |   1.5816679379337222  |   1.4392177116725688  |   1.287573946762587   |  0.18200630207731613   |   0.4626658471653865   |   1.1250596486037545  |  1.5558538536740045  |   0.6188032134945078   |   0.8687107603185125   |   1.6298392417765675  |   1.6298392417765675  |   0.8434031317353186  |   1.262468048079194   |   1.262468048079194   |   0.4375599484819934   |
|        Piatetsky-Shapiro         | 0.013484562066792691 |  0.012005881117412309 |  0.010527200168031926 |  0.009048519218651543 | 0.0010081915563957145  | 0.0032514177693761803  | 0.0075698382692711615 | 0.010468388993908841 | 0.0030749842470069316  | 0.0034026465028355385  |  0.007393404746901911 |  0.007393404746901911 | 0.0033270321361058607 |  0.004436042848141147 |  0.004436042848141147 | 0.0015374921235034658  |
|          Max Confidence          |         0.8          |   0.7857142857142857  |   0.7692307692307692  |          0.75         |   0.3333333333333333   |   0.5833333333333333   |   0.7272727272727273  |  0.8181818181818181  |   0.6666666666666666   |          0.5           |          1.0          |          1.0          |  0.33333333333333337  |          1.0          |          1.0          |   0.6666666666666666   |
|            Odds Ratio            |  4.407643312101911   |   4.014767932489451   |   3.6268343815513635  |        3.24375        |   1.1485148514851484   |   1.4777777777777776   |   2.865424430641822   |       4.89375        |   2.109090909090909    |   2.3235294117647056   |          inf          |          inf          |   1.9705882352941178  |          inf          |          inf          |   2.0958083832335332   |
|   Phi Correlation Coefficient    | 0.13227347130587513  |   0.1217179215764996  |   0.1105886780837515  |  0.09878779169448997  |  0.011958266722236256  |  0.03549756303228191   |  0.08618973169637921  | 0.11919245914948778  |  0.047055015941666715  |  0.05656910120485527   |  0.12375379485228363  |  0.12375379485228363  |  0.05162972796124792  |  0.09557857603036855  |  0.09557857603036855  |  0.03312666555598001   |
|          Ralambondrainy          | 0.008695652173913044 |  0.008695652173913044 |  0.008695652173913044 |  0.008695652173913044 |  0.02318840579710145   |  0.014492753623188406  |  0.008695652173913044 | 0.005797101449275362 |  0.005797101449275362  |  0.008695652173913044  |          0.0          |          0.0          |  0.017391304347826087 |          0.0          |          0.0          |  0.002898550724637681  |
| Relative Linkage Disequilibrium  |  0.9999945821775312  |   0.9999939149060462  |   0.9999930601821009  |   0.999991926107738   |   0.999806800618238    |   0.9999625524266028   |   0.9999903489808523  |  0.9999953474522648  |   0.9999841611758743   |   0.9999785297148747   |          1.0          |          1.0          |   0.9999560844934346  |          1.0          |          1.0          |   0.9999841611758743   |
|          Relative Risk           |  1.6815286624203822  |   1.6460216998191681  |   1.6061925495887759  |       1.5609375       |   1.0990099009900989   |   1.199074074074074    |   1.5087521174477698  |  1.7079545454545453  |   1.3696969696969694   |   1.6617647058823528   |   2.073170731707317   |   2.073170731707317   |   1.647058823529412   |   2.060240963855422   |   2.060240963855422   |   1.3652694610778442   |
|        Rule Power Factor         | 0.027826086956521744 |  0.025051759834368532 |  0.022296544035674472 |  0.019565217391304346 |  0.003864734299516908  |  0.01183574879227053   |  0.01686429512516469  | 0.02134387351778656  |  0.007729468599033816  |  0.004347826086956522  |  0.014492753623188406 |  0.014492753623188406 | 0.0028985507246376816 |  0.008695652173913044 |  0.008695652173913044 |  0.003864734299516908  |
|         Sebag-Schoenauer         |         4.0          |   3.6666666666666665  |   3.3333333333333335  |          3.0          |          0.5           |          1.4           |   2.6666666666666665  |         4.5          |          2.0           |          1.0           |          inf          |          inf          |          0.5          |          inf          |          inf          |          2.0           |
|              Yule Q              |  0.6301531213191991  |   0.6011779554059739  |   0.5677390122338016  |   0.5287187039764358  |  0.06912442396313359   |   0.1928251121076233   |  0.48259239421531874  |  0.6606574761399788  |  0.35672514619883045   |  0.39823008849557523   |          1.0          |          1.0          |  0.32673267326732675  |          1.0          |          1.0          |   0.3539651837524178   |
|              Yule Y              |  0.3547218953670447  |  0.33415201157138474  |   0.3113955306159901  |  0.28597984139695815  |  0.034603597082871175  |  0.09732580591335746   |   0.257266659574104   | 0.37737030853912346  |  0.18442943636513343   |  0.20770515202667758   |          1.0          |          1.0          |  0.16797586332564277  |          1.0          |          1.0          |  0.18290329972970878   |
|         Weighted Support         | 0.043478260869565216 |  0.04057971014492753  |  0.03768115942028986  |  0.034782608695652174 |  0.034782608695652174  |  0.034782608695652174  |  0.03188405797101449  | 0.03188405797101449  |  0.017391304347826087  |  0.017391304347826087  |  0.014492753623188406 |  0.014492753623188406 |  0.02608695652173913  |  0.008695652173913044 |  0.008695652173913044 |  0.008695652173913044  |
|      Weighted Rule Support       | 0.034782608695652174 |  0.03188405797101449  |  0.028985507246376812 |  0.02608695652173913  |  0.011594202898550725  |  0.020289855072463767  |  0.02318840579710145  | 0.02608695652173913  |  0.011594202898550725  |  0.008695652173913044  |  0.014492753623188406 |  0.014492753623188406 |  0.008695652173913044 |  0.008695652173913044 |  0.008695652173913044 |  0.005797101449275362  |
|       Weighted Confidence        |         0.8          |   0.7857142857142857  |   0.7692307692307692  |          0.75         |   0.3333333333333333   |   0.5833333333333333   |   0.7272727272727273  |  0.8181818181818181  |   0.6666666666666666   |          0.5           |          1.0          |          1.0          |  0.33333333333333337  |          1.0          |          1.0          |   0.6666666666666666   |
|          Weighted Lift           |  1.6331360946745563  |   1.6039729501267963  |   1.5703231679563041  |   1.5310650887573964  |   1.0952380952380951   |   1.1908284023668638   |   1.4846691769768692  |  1.6702528240989778  |   1.3609467455621302   |   1.6428571428571428   |   2.0414201183431953  |   2.0414201183431953  |   1.619718309859155   |   2.0414201183431953  |   2.0414201183431953  |   1.3609467455621302   |
|     Statistical Significance     | 0.024160339706084038 |  0.01103093498343478  |  0.002363085377681168 |  0.08426212390052656  |   0.0755937785981739   |  0.035679638940769004  |  0.039239116293122274 |  0.0550333567554027  |  0.01144499454202004   | 0.0010730635233147999  |  0.008538828039286135 | 0.0016300962150690474 |   0.0724209564939095  |  0.05203897079958766  |  0.09957987436583017  |  0.03173473089330602   |
|           FleBiC Score           | 0.021527829267414627 |  0.008543322360715281 | 0.0015645765522622273 |  0.04673785873787857  |  0.010306434919931969  |  0.006605137034647757  |   0.017789367220328   | 0.04116821821417877  | 0.0027656570345825212  | 0.00030506338195339497 |  0.006927888300393628 | 0.0013225614153294177 |  0.01781254247454943  |  0.028241876532102902 |  0.05404262370508639  |  0.00612799242092023   |
+----------------------------------+----------------------+-----------------------+-----------------------+-----------------------+------------------------+------------------------+-----------------------+----------------------+------------------------+------------------------+-----------------------+-----------------------+-----------------------+-----------------------+-----------------------+------------------------+
+----------------------------------+-----------------------+-----------------------+----------------------+-----------------------+------------------------+------------------------+-----------------------+-----------------------+-----------------------+-----------------------+-----------------------+-----------------------+-----------------------+----------------------+----------------------+------------------------+
|              Metric              |           P1          |           P2          |          P3          |           P4          |           P5           |           P6           |           P7          |           P8          |           P9          |          P10          |          P11          |          P12          |          P13          |         P14          |         P15          |          P16           |
+----------------------------------+-----------------------+-----------------------+----------------------+-----------------------+------------------------+------------------------+-----------------------+-----------------------+-----------------------+-----------------------+-----------------------+-----------------------+-----------------------+----------------------+----------------------+------------------------+
|  Outcome selected for analysis   |          0.0          |          0.0          |         0.0          |          1.0          |          0.0           |          0.0           |          0.0          |          0.0          |          0.0          |          3.0          |          0.0          |          0.0          |          0.0          |         0.0          |         0.0          |          3.0           |
|         Information Gain         |  0.04018283402626755  |   0.0543061222802939  | 0.07342109550259769  |  0.004790282379805249 |  0.006103157361612863  |  0.006103157361612863  |  0.05506621431855401  |  0.05506621431855401  |  0.031873652427408555 |  0.017025805300346475 |  0.06882811152306247  |  0.18315443815301732  |  0.03501428742734509  | 0.16594560746257125  | 0.16594560746257125  |  0.01479651279902523   |
|           Chi-squared            |   5.1115383873394755  |   6.523569115825043   |  8.247572428236516   |   0.5800846929879186  |   0.6517639164240288   |   0.6517639164240288   |   5.492557683349757   |   5.492557683349757   |   1.9903335313534247  |   1.251293794959375   |   3.6182587203375376  |   7.988915715539948   |   3.012156549682192   |  4.765318146111548   |  4.765318146111548   |   0.6201587668000411   |
|            Gini index            |  0.007039010139199164 |  0.008983492966382678 | 0.011357587784125656 | 0.0003065447299852586 | 0.0008975326933738925  | 0.0008975326933738925  |  0.007563705149705169 |  0.007563705149705169 |  0.002740853505528884 | 0.0010004591137799945 |  0.004982640819402806 |  0.011001396147620857 |  0.004147988117742307 | 0.006562236298580881 | 0.006562236298580881 | 0.0004958415783206105  |
|      Difference in Support       |  0.050930183207186806 |   0.0556695197000778  |  0.0604088561929688  |  0.02488479262672811  |   0.0163401004456391   |   0.0163401004456391   |  0.045483483058640445 |  0.045483483058640445 |  0.020372073282874725 |  0.02119883040935673  |  0.02511140977576572  |  0.03731343283582089  |  0.030558109924312085 | 0.022388059701492536 | 0.022388059701492536 |  0.010599415204678365  |
|          Bigger Support          |  0.07462686567164178  |  0.07462686567164178  | 0.07462686567164178  |  0.05714285714285714  |  0.04477611940298507   |  0.04477611940298507   |  0.05970149253731343  |  0.05970149253731343  |  0.029850746268656716 |  0.03508771929824562  |  0.029850746268656716 |  0.03731343283582089  |  0.04477611940298507  | 0.022388059701492536 | 0.022388059701492536 |  0.01754385964912281   |
|            Confidence            |   0.6666666666666667  |   0.7142857142857143  |  0.7692307692307692  |  0.16666666666666666  |          0.5           |          0.5           |   0.7272727272727273  |   0.7272727272727273  |   0.6666666666666666  |   0.3333333333333333  |          0.8          |          1.0          |   0.6666666666666667  |         1.0          |         1.0          |   0.3333333333333333   |
|          All-Confidence          |  0.07462686567164178  |  0.07462686567164178  | 0.07462686567164178  |  0.05714285714285714  |  0.04477611940298507   |  0.04477611940298507   |  0.05970149253731343  |  0.05970149253731343  |  0.029850746268656716 |  0.03508771929824562  |  0.029850746268656716 |  0.03731343283582089  |  0.04477611940298507  | 0.022388059701492536 | 0.022388059701492536 |  0.01754385964912281   |
|               Lift               |   1.716417910447761   |   1.8390191897654586  |  1.9804822043628012  |   1.6428571428571428  |   1.287313432835821    |   1.287313432835821    |   1.8724559023066487  |   1.8724559023066487  |   1.716417910447761   |   2.017543859649123   |   2.059701492537313   |   2.574626865671642   |   1.7164179104477613  |  2.574626865671642   |  2.574626865671642   |   2.017543859649123    |
|        Standardised Lift         |   0.6428571428571428  |   0.6923076923076925  |         0.75         |  0.09090909090909091  |   0.4545454545454545   |   0.4545454545454545   |          0.7          |          0.7          |   0.5999999999999999  |  0.19999999999999998  |   0.7499999999999999  |          1.0          |   0.6250000000000001  |         1.0          |         1.0          |          0.0           |
|       Collective Strength        |   1.0852938937109793  |   1.0860127169029223  |  1.086718660585457   |   1.0411937262877928  |   1.048317800624016    |   1.048317800624016    |   1.0685961151583532  |   1.0685961151583532  |   1.0335696665459126  |   1.0248041244823667  |   1.0343245570566302  |   1.0439236943223633  |   1.0506247102319333  |  1.0262465221263841  |  1.0262465221263841  |   1.012299211649178    |
|              Cosine              |  0.22304986837273524  |  0.23087854826980508  |  0.2395939925913801  |  0.09759000729485331  |  0.14962640041614492   |  0.14962640041614492   |   0.2083729044282493  |   0.2083729044282493  |  0.14106912317171966  |  0.10814761408717503  |  0.15453348185725116  |  0.19316685232156394  |  0.17277368511627203  | 0.14962640041614492  | 0.14962640041614492  |  0.07647191129018725   |
|         Interestingness          |  0.049747063882436174 |  0.053300425588324464 | 0.057400458325887874 |  0.009523649493403747 |  0.02238693112885478   |  0.02238693112885478   |  0.04341634897061921  |  0.04341634897061921  |  0.019899828728652473 |  0.011695709904180042 |  0.02387979447438297  |  0.03731186537382401  |  0.02984924150513971  | 0.02238749541517366  | 0.02238749541517366  |  0.005847904084232145  |
|        Comprehensibility         |          0.5          |          0.5          |         0.5          |          0.5          |          0.5           |          0.5           |          0.5          |          0.5          |  0.43067655807339306  |  0.43067655807339306  |  0.43067655807339306  |  0.43067655807339306  |          0.5          | 0.43067655807339306  | 0.43067655807339306  |  0.43067655807339306   |
|           Completeness           |  0.07462686567164178  |  0.07462686567164178  | 0.07462686567164178  |  0.05714285714285714  |  0.04477611940298507   |  0.04477611940298507   |  0.05970149253731343  |  0.05970149253731343  |  0.029850746268656716 |  0.03508771929824562  |  0.029850746268656716 |  0.03731343283582089  |  0.04477611940298507  | 0.022388059701492536 | 0.022388059701492536 |  0.01754385964912281   |
|           Added Value            |  0.27826086956521745  |   0.325879917184265   | 0.38082497212931987  |  0.06521739130434781  |  0.11159420289855071   |  0.11159420289855071   |   0.338866930171278   |   0.338866930171278   |  0.27826086956521734  |   0.1681159420289855  |  0.41159420289855075  |   0.6115942028985507  |  0.27826086956521745  |  0.6115942028985507  |  0.6115942028985507  |   0.1681159420289855   |
|        Casual Confidence         |   0.3484848484848485  |   0.372248597324126   |   0.39967562557924   |  0.08633633633633633  |  0.25900900900900903   |  0.25900900900900903   |  0.37561241154055525  |  0.37561241154055525  |   0.3392330383480826  |   0.1696165191740413  |  0.40588235294117647  |   0.5073529411764706  |   0.3422619047619048  |  0.5043859649122807  |  0.5043859649122807  |  0.16812865497076024   |
|          Casual Support          |   0.6260869565217392  |   0.6289855072463768  |  0.6318840579710145  |   0.8753623188405797  |   0.6115942028985507   |   0.6115942028985507   |   0.6260869565217392  |   0.6260869565217392  |   0.6173913043478261  |   0.8289855072463768  |   0.6202898550724638  |   0.6260869565217391  |   0.6202898550724638  |  0.6202898550724637  |  0.6202898550724637  |   0.8318840579710144   |
|         Certainty Factor         |  0.45497630331753564  |   0.5328368314150305  |  0.6226759022967553  |   0.0725806451612903  |   0.1824644549763033   |   0.1824644549763033   |   0.5540715208961655  |   0.5540715208961655  |  0.45497630331753547  |  0.20138888888888887  |   0.6729857819905214  |          1.0          |  0.45497630331753564  |         1.0          |         1.0          |  0.20138888888888887   |
|            Conviction            |   1.834782608695652   |   2.1405797101449275  |   2.65024154589372   |   1.0782608695652174  |   1.2231884057971014   |   1.2231884057971014   |   2.242512077294686   |   2.242512077294686   |   1.834782608695652   |   1.2521739130434784  |   3.0579710144927534  |          inf          |   1.8347826086956518  |         inf          |         inf          |   1.2521739130434784   |
|        Coverage (Support)        |  0.043478260869565216 |  0.04057971014492753  | 0.03768115942028986  |  0.034782608695652174 |  0.034782608695652174  |  0.034782608695652174  |  0.03188405797101449  |  0.03188405797101449  |  0.017391304347826087 |  0.017391304347826087 |  0.014492753623188406 |  0.014492753623188406 |  0.02608695652173913  | 0.008695652173913044 | 0.008695652173913044 |  0.008695652173913044  |
| Descriptive Confirmed Confidence |  0.33333333333333337  |  0.42857142857142855  |  0.5384615384615384  |  -0.6666666666666667  |          0.0           |          0.0           |  0.45454545454545453  |  0.45454545454545453  |   0.3333333333333333  |  -0.3333333333333333  |   0.6000000000000001  |          1.0          |  0.33333333333333337  |         1.0          |         1.0          |  -0.3333333333333333   |
|    Difference of Proportions     |   0.290909090909091   |  0.33966335779024603  |  0.3957367933271547  |  0.06756756756756756  |  0.11561561561561562   |  0.11561561561561562   |   0.3500272182906914  |   0.3500272182906914  |  0.28318584070796454  |   0.1710914454277286  |   0.4176470588235295  |   0.6205882352941177  |   0.2857142857142858  |  0.6169590643274854  |  0.6169590643274854  |   0.1695906432748538   |
|   Example and Counter Example    |          0.5          |          0.6          |         0.7          |          -4.0         |          0.0           |          0.0           |         0.625         |         0.625         |          0.5          |          -1.0         |          0.75         |          1.0          |          0.5          |         1.0          |         1.0          |          -1.0          |
|         Imbalance Ratio          |   0.8561151079136691  |   0.8695652173913044  |  0.8832116788321168  |   0.5111111111111112  |   0.8714285714285713   |   0.8714285714285713   |   0.8978102189781023  |   0.8978102189781023  |   0.9411764705882354  |   0.8360655737704918  |   0.9555555555555556  |   0.9626865671641791  |   0.9124087591240875  |  0.9776119402985075  |  0.9776119402985075  |   0.9152542372881356   |
|  Fisher's Exact Test (p-value)   |  0.02464569802284089  |  0.012327234384980956 | 0.005292362983787546 |   0.3484279949622191  |  0.30177977564727476   |  0.30177977564727476   |  0.02243704034500793  |  0.02243704034500793  |   0.1615254536531987  |   0.2591119751335088  |  0.07692506533909438  |  0.00843903670386692  |  0.08416386168735857  | 0.05779080085016819  | 0.05779080085016819  |   0.419277357049999    |
|         Hyper Confidence         |   0.9753543019771591  |   0.987672765615019   |  0.9947076370162125  |   0.6515720050377809  |   0.6982202243527252   |   0.6982202243527252   |   0.9775629596549921  |   0.9775629596549921  |   0.8384745463468013  |   0.7408880248664912  |   0.9230749346609056  |   0.9915609632961331  |   0.9158361383126414  |  0.9422091991498318  |  0.9422091991498318  |   0.580722642950001    |
|            Hyper Lift            |   1.1111111111111112  |          1.25         |         1.25         |   0.6666666666666666  |   0.8571428571428571   |   0.8571428571428571   |   1.1428571428571428  |   1.1428571428571428  |          1.0          |   0.6666666666666666  |          1.0          |          1.25         |          1.0          |         1.0          |         1.0          |          0.5           |
|   Laplace Corrected Confidence   |          0.55         |   0.5789473684210527  |  0.6111111111111112  |  0.17647058823529413  |   0.4117647058823529   |   0.4117647058823529   |         0.5625        |         0.5625        |  0.45454545454545453  |   0.2727272727272727  |          0.5          |          0.6          |          0.5          |         0.5          |         0.5          |          0.25          |
|            Importance            |   0.2632414347745814  |   0.3424226808222062  |  0.4393326938302627  |  -0.5642714304385625  |          0.0           |          0.0           |   0.3521825181113625  |   0.3521825181113625  |  0.22184874961635637  |  -0.22184874961635637 |   0.3979400086720376  |   0.7781512503836435  |  0.24303804868629442  |  0.6020599913279623  |  0.6020599913279623  |  -0.17609125905568124  |
|       Jaccard Coefficient        |  0.07194244604316548  |  0.07246376811594203  |  0.072992700729927   |  0.044444444444444446 |  0.04285714285714286   |  0.04285714285714286   |  0.058394160583941604 |  0.058394160583941604 |  0.029411764705882353 |  0.03278688524590164  |  0.029629629629629627 |  0.03731343283582089  |   0.0437956204379562  | 0.022388059701492536 | 0.022388059701492536 |  0.01694915254237288   |
|            J-Measure             | 0.0029806008748041964 | 0.0038369188174014715 | 0.004921313248062369 | 0.0003013366741810897 | 0.00038592948097540135 | 0.00038592948097540135 | 0.0032669229459377875 | 0.0032669229459377875 | 0.0011922403499216776 | 0.0006347459779585173 | 0.0022312573050469655 | 0.0059523811117169045 | 0.0017883605248825182 | 0.003571428667030143 | 0.003571428667030143 | 0.00031737298897925863 |
|              Kappa               |  0.06077872744539425  |   0.0665426566331275  | 0.07232537951768989  |  0.03512195121951185  |  0.019595368367476756  |  0.019595368367476756  |  0.05463389765703029  |  0.05463389765703029  |  0.024672320740169895 |  0.03306256234858192  |  0.03046229754370916  |  0.045264399871285846 |   0.0368262898791636  |  0.0272486601665912  |  0.0272486601665912  |  0.01709401709401608   |
|             Klosgen              |  0.04737427649439993  |  0.05548148154924515  | 0.06483594892022039  |  0.004965567310610092 |  0.014716607667094374  |  0.014716607667094374  |   0.0516017742338956  |   0.0516017742338956  |  0.02996212324497616  |  0.012800129067350462 |  0.04431897396652725  |  0.07362728985825305  |  0.03669595678028728  | 0.05703145348948006  | 0.05703145348948006  |  0.00905105806358655   |
|            Kulczynski            |  0.37064676616915426  |  0.39445628997867804  |  0.4219288174512055  |   0.1119047619047619  |  0.27238805970149255   |  0.27238805970149255   |  0.39348710990502034  |  0.39348710990502034  |  0.34825870646766166  |  0.18421052631578946  |  0.41492537313432837  |   0.5186567164179104  |   0.3557213930348259  |  0.5111940298507462  |  0.5111940298507462  |  0.17543859649122806   |
|     Goodman-Kruskal's Lambda     |   0.3701492537313433  |   0.3701492537313433  |  0.3701492537313433  |  0.09620991253644315  |   0.3775811209439528   |   0.3775811209439528   |   0.3738872403560831  |   0.3738872403560831  |   0.3812316715542522  |   0.1603498542274052  |   0.3812316715542522  |   0.3794117647058824  |   0.3775811209439528  |  0.3830409356725147  |  0.3830409356725147  |   0.1627906976744186   |
|       Least Contradiction        |  0.03731343283582089  |  0.04477611940298507  | 0.052238805970149245 |  -0.22857142857142856 |          0.0           |          0.0           |  0.03731343283582089  |  0.03731343283582089  |  0.014925373134328358 |  -0.03508771929824562 |  0.022388059701492536 |  0.03731343283582089  |  0.022388059701492536 | 0.022388059701492536 | 0.022388059701492536 |  -0.01754385964912281  |
|        Lerman Similarity         |   1.7292385783920479  |   1.9564950950807094  |  2.2032016262582172  |   0.7092993656151905  |   0.6202823246170384   |   0.6202823246170384   |   1.8033610250222032  |   1.8033610250222032  |   1.0936665051101002  |    1.01311009625032   |   1.4767650306181077  |   2.194348038453667   |   1.3394624431463582  |  1.699734681742793   |  1.699734681742793   |   0.716377019147157    |
|        Piatetsky-Shapiro         |  0.012098298676748581 |  0.013224112581390467 | 0.014349926486032345 |  0.002268431001890359 | 0.0038815374921235025  | 0.0038815374921235025  |  0.010804452846040749 |  0.010804452846040749 | 0.0048393194706994325 | 0.0029237555135475744 | 0.0059651333753413145 |  0.008863684099978996 | 0.0072589792060491504 | 0.005318210459987397 | 0.005318210459987397 | 0.0014618777567737872  |
|          Max Confidence          |   0.6666666666666667  |   0.7142857142857143  |  0.7692307692307692  |  0.16666666666666666  |          0.5           |          0.5           |   0.7272727272727273  |   0.7272727272727273  |   0.6666666666666666  |   0.3333333333333333  |          0.8          |          1.0          |   0.6666666666666667  |         1.0          |         1.0          |   0.3333333333333333   |
|            Odds Ratio            |   3.3225806451612905  |   4.173387096774193   |  5.591397849462366   |   1.8181818181818183  |       1.6015625        |       1.6015625        |   4.402116402116402   |   4.402116402116402   |   3.215384615384615   |   2.5818181818181816  |   6.461538461538462   |          inf          |   3.2500000000000004  |         inf          |         inf          |   2.5535714285714284   |
|   Phi Correlation Coefficient    |  0.12172121136694361  |  0.13750962143755133  | 0.15461567526731146  |  0.041004937595506205 |  0.043464592166999126  |  0.043464592166999126  |  0.12617629354671858  |  0.12617629354671858  |  0.07595447781122022  |  0.060224069408452714 |  0.10240950363985259  |  0.15217186808456967  |  0.09343922382920063  |  0.1175266623602522  |  0.1175266623602522  |  0.042397660818713455  |
|          Ralambondrainy          |  0.014492753623188406 |  0.011594202898550725 | 0.008695652173913044 |  0.028985507246376812 |  0.017391304347826087  |  0.017391304347826087  |  0.008695652173913044 |  0.008695652173913044 |  0.005797101449275362 |  0.011594202898550725 |  0.002898550724637681 |          0.0          |  0.008695652173913044 |         0.0          |         0.0          |  0.005797101449275362  |
| Relative Linkage Disequilibrium  |   0.999989935689053   |   0.9999926339787195  |  0.9999949088946701  |   0.9998926577930443  |   0.9999623579010766   |   0.9999623579010766   |   0.9999932382633155  |   0.9999932382633155  |   0.999989935689053   |   0.9999666844349681  |   0.999995917550857   |          1.0          |   0.999989935689053   |         1.0          |         1.0          |   0.9999666844349681   |
|          Relative Risk           |   1.774193548387097   |   1.9066820276497696  |  2.0595533498759306  |   1.6818181818181817  |       1.30078125       |       1.30078125       |   1.927849927849928   |   1.927849927849928   |   1.7384615384615383  |   2.0545454545454547  |   2.0923076923076924  |   2.6356589147286824  |   1.7500000000000002  |  2.6106870229007635  |  2.6106870229007635  |   2.0357142857142856   |
|        Rule Power Factor         |  0.019323671497584544 |  0.02070393374741201  | 0.022296544035674472 |  0.000966183574879227 |  0.008695652173913044  |  0.008695652173913044  |  0.01686429512516469  |  0.01686429512516469  |  0.007729468599033816 |  0.001932367149758454 |  0.00927536231884058  |  0.014492753623188406 |  0.011594202898550727 | 0.008695652173913044 | 0.008695652173913044 |  0.000966183574879227  |
|         Sebag-Schoenauer         |          2.0          |          2.5          |  3.3333333333333335  |          0.2          |          1.0           |          1.0           |   2.6666666666666665  |   2.6666666666666665  |          2.0          |          0.5          |          4.0          |          inf          |          2.0          |         inf          |         inf          |          0.5           |
|              Yule Q              |   0.5373134328358209  |   0.6134060795011691  |  0.696574225122349   |   0.2903225806451613  |  0.23123123123123124   |  0.23123123123123124   |   0.6297747306562194  |   0.6297747306562194  |   0.5255474452554745  |  0.44162436548223344  |   0.7319587628865979  |          1.0          |   0.5294117647058824  |         1.0          |         1.0          |  0.43718592964824116   |
|              Yule Y              |  0.29148231171259265  |   0.3427294435018317  |  0.4055781165411928  |  0.14835622795748313  |  0.11720379609005992   |  0.11720379609005992   |   0.3544476534849165  |   0.3544476534849165  |  0.28396238632483695  |  0.23277691077832627  |  0.43534018919108136  |          1.0          |  0.28642165534933817  |         1.0          |         1.0          |   0.2301740394301523   |
|         Weighted Support         |  0.043478260869565216 |  0.04057971014492753  | 0.03768115942028986  |  0.034782608695652174 |  0.034782608695652174  |  0.034782608695652174  |  0.03188405797101449  |  0.03188405797101449  |  0.017391304347826087 |  0.017391304347826087 |  0.014492753623188406 |  0.014492753623188406 |  0.02608695652173913  | 0.008695652173913044 | 0.008695652173913044 |  0.008695652173913044  |
|      Weighted Rule Support       |  0.028985507246376812 |  0.028985507246376812 | 0.028985507246376812 |  0.005797101449275362 |  0.017391304347826087  |  0.017391304347826087  |  0.02318840579710145  |  0.02318840579710145  |  0.011594202898550725 |  0.005797101449275362 |  0.011594202898550725 |  0.014492753623188406 |  0.017391304347826087 | 0.008695652173913044 | 0.008695652173913044 |  0.002898550724637681  |
|       Weighted Confidence        |   0.6666666666666667  |   0.7142857142857143  |  0.7692307692307692  |  0.16666666666666666  |          0.5           |          0.5           |   0.7272727272727273  |   0.7272727272727273  |   0.6666666666666666  |   0.3333333333333333  |          0.8          |          1.0          |   0.6666666666666667  |         1.0          |         1.0          |   0.3333333333333333   |
|          Weighted Lift           |   1.716417910447761   |   1.8390191897654586  |  1.9804822043628012  |   1.6428571428571428  |   1.287313432835821    |   1.287313432835821    |   1.8724559023066487  |   1.8724559023066487  |   1.716417910447761   |   2.017543859649123   |   2.059701492537313   |   2.574626865671642   |   1.7164179104477613  |  2.574626865671642   |  2.574626865671642   |   2.017543859649123    |
|     Statistical Significance     |  0.024160339706084038 |  0.01103093498343478  | 0.002363085377681168 |  0.08426212390052656  |   0.0755937785981739   |  0.035679638940769004  |  0.039239116293122274 |   0.0550333567554027  |  0.01144499454202004  | 0.0010730635233147999 |  0.008538828039286135 | 0.0016300962150690474 |   0.0724209564939095  | 0.05203897079958766  | 0.09957987436583017  |  0.03173473089330602   |
|           FleBiC Score           |  0.018709020003773738 |  0.010504841752201307 | 0.002763765088278118 |  0.01711458581601626  |  0.01605299525870668   |  0.007576881131886788  |  0.03227049112612929  |  0.045259771844750094 |  0.004533330961859188 | 0.0003248485892076384 |  0.005134216942125592 | 0.0018779951005138225 |  0.036923604629367245 | 0.03881602092402683  | 0.07427692030809062  |  0.007083415663931955  |
+----------------------------------+-----------------------+-----------------------+----------------------+-----------------------+------------------------+------------------------+-----------------------+-----------------------+-----------------------+-----------------------+-----------------------+-----------------------+-----------------------+----------------------+----------------------+------------------------+
+----------------------------------+----------------------+-----------------------+----------------------+-----------------------+-----------------------+-----------------------+----------------------+-----------------------+-----------------------+-----------------------+-----------------------+-----------------------+----------------------+----------------------+----------------------+-----------------------+
|              Metric              |          P1          |           P2          |          P3          |           P4          |           P5          |           P6          |          P7          |           P8          |           P9          |          P10          |          P11          |          P12          |         P13          |         P14          |         P15          |          P16          |
+----------------------------------+----------------------+-----------------------+----------------------+-----------------------+-----------------------+-----------------------+----------------------+-----------------------+-----------------------+-----------------------+-----------------------+-----------------------+----------------------+----------------------+----------------------+-----------------------+
|  Outcome selected for analysis   |         0.0          |          0.0          |         0.0          |          0.0          |          0.0          |          0.0          |         0.0          |          0.0          |          0.0          |          0.0          |          0.0          |          0.0          |         0.0          |         0.0          |         0.0          |          0.0          |
|         Information Gain         | 0.03608454600467637  |  0.04782554436250951  | 0.09472881449861742  |  0.029717275449851255 |  0.013066870670899074 |  0.013066870670899074 | 0.07328102187173052  |   0.0428494561212007  |  0.04495576944045813  |  0.011037136780181162 |  0.08696007764087266  |  0.20964303351743574  | 0.049405566331074194 | 0.18986637268690323  | 0.18986637268690323  |  0.039119463723096624 |
|           Chi-squared            |  4.761685682738313   |    6.00623865322148   |  11.150167862355682  |   3.3080740153108588  |   1.4355600539811075  |   1.4355600539811075  |  7.637737498870498   |   4.478962575401277   |   2.922852001799371   |   0.7050759557163846  |   4.808213265063111   |   9.886877828054297   |  4.423423342008869   |  5.897435897435898   |  5.897435897435898   |   1.448606474576004   |
|            Gini index            | 0.006186630005155513 |  0.00780361803485885  | 0.014486878734948583 |  0.004298022029591064 | 0.0018651543793322123 | 0.0018651543793322123 | 0.00992334629589442  |  0.005819301421216672 | 0.0037975215290906306 | 0.0009160713986985369 |  0.006247081063049165 |  0.01284554653619474  | 0.005747141956971791 | 0.007662255828607467 | 0.007662255828607467 | 0.0018821049683651614 |
|      Difference in Support       | 0.05060728744939272  |  0.05499325236167342  | 0.07231219073324337  |  0.03789923526765632  |  0.024966261808367075 |  0.024966261808367075 | 0.05521817363922628  |  0.04228520017993702  |  0.02541610436347279  |  0.012483130904183537 |  0.02980206927575349  |  0.042735042735042736 | 0.03812415654520918  | 0.025641025641025644 | 0.025641025641025644 |  0.012708052181736394 |
|          Bigger Support          | 0.07692307692307693  |  0.07692307692307693  | 0.08547008547008547  |  0.059829059829059825 |  0.05128205128205129  |  0.05128205128205129  | 0.06837606837606838  |  0.059829059829059825 |  0.03418803418803419  |  0.025641025641025644 |  0.03418803418803419  |  0.042735042735042736 | 0.05128205128205129  | 0.025641025641025644 | 0.025641025641025644 |  0.017094017094017096 |
|            Confidence            |         0.6          |   0.6428571428571429  |  0.7692307692307692  |   0.5833333333333333  |          0.5          |          0.5          |  0.7272727272727273  |   0.6363636363636364  |   0.6666666666666666  |          0.5          |          0.8          |          1.0          |  0.6666666666666667  |         1.0          |         1.0          |   0.6666666666666666  |
|          All-Confidence          | 0.07692307692307693  |  0.07692307692307693  | 0.08547008547008547  |  0.059829059829059825 |  0.05128205128205129  |  0.05128205128205129  | 0.06837606837606838  |  0.059829059829059825 |  0.03418803418803419  |  0.025641025641025644 |  0.03418803418803419  |  0.042735042735042736 | 0.05128205128205129  | 0.025641025641025644 | 0.025641025641025644 |  0.017094017094017096 |
|               Lift               |  1.7692307692307692  |   1.8956043956043958  |  2.2682445759368837  |   1.7200854700854702  |   1.4743589743589745  |   1.4743589743589745  |  2.1445221445221447  |   1.8764568764568763  |   1.965811965811966   |   1.4743589743589745  |   2.358974358974359   |   2.948717948717949   |  1.9658119658119662  |  2.948717948717949   |  2.948717948717949   |   1.965811965811966   |
|        Standardised Lift         |  0.5714285714285714  |   0.6153846153846154  |         0.75         |   0.5454545454545454  |  0.45454545454545453  |  0.45454545454545453  |  0.7000000000000001  |          0.6          |          0.6          |          0.4          |          0.75         |          1.0          |  0.6250000000000001  |         1.0          |         1.0          |          0.5          |
|       Collective Strength        |  1.0802826629828381  |   1.0802537848983034  |  1.0893266137318225  |   1.062001247057113   |   1.052917442582247   |   1.052917442582247   |  1.0710560825430069  |   1.0619991180232027  |   1.035079621509347   |   1.0261544965678098  |   1.0351026333329567  |   1.0440018527095876  |  1.052964049798851   |  1.0262744647439577  |  1.0262744647439577  |   1.0174266049281924  |
|              Cosine              | 0.21483446221182984  |  0.22237479499833035  |  0.2564102564102564  |  0.18681617943926832  |  0.16012815380508716  |  0.16012815380508716  |  0.2229978693352242  |  0.19512313566832115  |  0.15097027121927944  |  0.11322770341445959  |   0.1653796461189446  |  0.20672455764868075  | 0.18490006540840973  | 0.16012815380508716  | 0.16012815380508716  |  0.10675210253672476  |
|         Interestingness          |  0.0461503562599971  |  0.04944681027856832  |  0.0657406958604186  |  0.034898232373552676 |  0.025639733087748213 |  0.025639733087748213 | 0.04972470736805961  |  0.03807079895296656  |  0.022791256834525056 |  0.012820189682193464 |  0.02734950820143007  |  0.042733247522157417 | 0.03418631078366429  | 0.025640379364386928 | 0.025640379364386928 |  0.011395819906636963 |
|        Comprehensibility         |         0.5          |          0.5          |         0.5          |          0.5          |          0.5          |          0.5          |         0.5          |          0.5          |  0.43067655807339306  |  0.43067655807339306  |  0.43067655807339306  |  0.43067655807339306  |         0.5          | 0.43067655807339306  | 0.43067655807339306  |  0.43067655807339306  |
|           Completeness           | 0.07692307692307693  |  0.07692307692307693  | 0.08547008547008547  |  0.059829059829059825 |  0.05128205128205129  |  0.05128205128205129  | 0.06837606837606838  |  0.059829059829059825 |  0.03418803418803419  |  0.025641025641025644 |  0.03418803418803419  |  0.042735042735042736 | 0.05128205128205129  | 0.025641025641025644 | 0.025641025641025644 |  0.017094017094017096 |
|           Added Value            |  0.2608695652173913  |   0.3037267080745342  |  0.4301003344481605  |  0.24420289855072458  |  0.16086956521739132  |  0.16086956521739132  |  0.3881422924901186  |   0.2972332015810277  |  0.32753623188405795  |  0.16086956521739132  |  0.46086956521739136  |   0.6608695652173913  | 0.32753623188405806  |  0.6608695652173913  |  0.6608695652173913  |  0.32753623188405795  |
|        Casual Confidence         |  0.3136363636363636  |  0.33502373759171344  |   0.39967562557924   |   0.3021771771771771  |  0.25900900900900903  |  0.25900900900900903  | 0.37561241154055525  |  0.32866086009798584  |   0.3392330383480826  |  0.25442477876106195  |  0.40588235294117647  |   0.5073529411764706  |  0.3422619047619048  |  0.5043859649122807  |  0.5043859649122807  |   0.3362573099415205  |
|          Casual Support          |  0.6695652173913043  |   0.672463768115942   |  0.6811594202898551  |   0.6666666666666666  |   0.6608695652173913  |   0.6608695652173913  |  0.6753623188405797  |   0.6695652173913043  |   0.6666666666666666  |   0.6608695652173913  |   0.6695652173913044  |   0.6753623188405796  |  0.6695652173913044  |  0.6695652173913043  |  0.6695652173913043  |   0.663768115942029   |
|         Certainty Factor         | 0.39473684210526316  |  0.45958646616541365  |  0.6508097165991903  |   0.3695175438596491  |  0.24342105263157898  |  0.24342105263157898  |  0.5873205741626795  |  0.44976076555023925  |   0.4956140350877193  |  0.24342105263157898  |   0.6973684210526317  |          1.0          | 0.49561403508771945  |         1.0          |         1.0          |   0.4956140350877193  |
|            Conviction            |  1.652173913043478   |   1.8504347826086953  |  2.8637681159420287  |   1.586086956521739   |   1.3217391304347825  |   1.3217391304347825  |  2.423188405797101   |   1.8173913043478258  |   1.9826086956521738  |   1.3217391304347825  |   3.3043478260869565  |          inf          |  1.9826086956521738  |         inf          |         inf          |   1.9826086956521738  |
|        Coverage (Support)        | 0.043478260869565216 |  0.04057971014492753  | 0.03768115942028986  |  0.034782608695652174 |  0.034782608695652174 |  0.034782608695652174 | 0.03188405797101449  |  0.03188405797101449  |  0.017391304347826087 |  0.017391304347826087 |  0.014492753623188406 |  0.014492753623188406 | 0.02608695652173913  | 0.008695652173913044 | 0.008695652173913044 |  0.008695652173913044 |
| Descriptive Confirmed Confidence | 0.19999999999999996  |  0.28571428571428575  |  0.5384615384615384  |  0.16666666666666657  |          0.0          |          0.0          | 0.45454545454545453  |   0.2727272727272727  |   0.3333333333333333  |          0.0          |   0.6000000000000001  |          1.0          | 0.33333333333333337  |         1.0          |         1.0          |   0.3333333333333333  |
|    Difference of Proportions     |  0.2727272727272727  |   0.316573154941735   |  0.4469416126042631  |  0.25300300300300294  |  0.16666666666666669  |  0.16666666666666669  |  0.4009254218835057  |   0.3070223189983669  |   0.3333333333333333  |  0.16371681415929207  |  0.46764705882352947  |   0.6705882352941177  | 0.33630952380952395  |  0.6666666666666667  |  0.6666666666666667  |   0.3304093567251462  |
|   Example and Counter Example    |  0.3333333333333333  |   0.4444444444444444  |         0.7          |  0.28571428571428564  |          0.0          |          0.0          |        0.625         |  0.42857142857142855  |          0.5          |          0.0          |          0.75         |          1.0          |         0.5          |         1.0          |         1.0          |          0.5          |
|         Imbalance Ratio          |  0.8292682926829267  |   0.8442622950819672  |  0.8666666666666666  |   0.8606557377049179  |   0.8536585365853658  |   0.8536585365853658  |  0.8833333333333334  |   0.8760330578512396  |   0.9327731092436975  |   0.9249999999999998  |   0.9491525423728814  |   0.9572649572649573  |  0.8999999999999999  |  0.9743589743589745  |  0.9743589743589745  |   0.9661016949152541  |
|  Fisher's Exact Test (p-value)   | 0.03138474055083018  |  0.017586401111845062 | 0.001581310222284249 |  0.06889780057757167  |  0.18563562961168723  |  0.18563562961168723  | 0.008900664704585504 |  0.039844215324686516 |  0.10401457764544042  |  0.33022352070766636  |   0.0469618796164718  |  0.004235189462618694 | 0.043924405046092185 | 0.03834158248016817  | 0.03834158248016817  |   0.2663906469709074  |
|         Hyper Confidence         |  0.9686152594491698  |   0.9824135988881549  |  0.9984186897777158  |   0.9311021994224283  |   0.8143643703883128  |   0.8143643703883128  |  0.9910993352954145  |   0.9601557846753135  |   0.8959854223545596  |   0.6697764792923336  |   0.9530381203835282  |   0.9957648105373813  |  0.9560755949539078  |  0.9616584175198318  |  0.9616584175198318  |   0.7336093530290926  |
|            Hyper Lift            |        1.125         |         1.125         |  1.4285714285714286  |          1.0          |   0.8571428571428571  |   0.8571428571428571  |  1.3333333333333333  |   1.1666666666666667  |          1.0          |          0.75         |   1.3333333333333333  |   1.6666666666666667  |         1.2          |         1.5          |         1.5          |          1.0          |
|   Laplace Corrected Confidence   | 0.45454545454545453  |  0.47619047619047616  |         0.55         |  0.42105263157894735  |   0.3684210526315789  |   0.3684210526315789  |         0.5          |   0.4444444444444444  |  0.38461538461538464  |   0.3076923076923077  |   0.4166666666666667  |          0.5          |        0.4375        |         0.4          |         0.4          |          0.3          |
|            Importance            | 0.15490195998574316  |  0.22184874961635637  |  0.4393326938302626  |   0.1249387366082999  |          0.0          |          0.0          |  0.3521825181113625  |  0.20411998265592474  |  0.22184874961635637  |          0.0          |  0.39794000867203766  |   0.7781512503836435  | 0.24303804868629442  |  0.6020599913279623  |  0.6020599913279623  |  0.17609125905568115  |
|       Jaccard Coefficient        | 0.07317073170731707  |   0.0737704918032787  | 0.08333333333333334  |  0.05737704918032786  |  0.04878048780487805  |  0.04878048780487805  | 0.06666666666666667  |  0.05785123966942148  |  0.03361344537815126  |         0.025         |  0.03389830508474576  |  0.042735042735042736 |         0.05         | 0.025641025641025644 | 0.025641025641025644 |  0.01694915254237288  |
|            J-Measure             | 0.002671668955946381 | 0.0033720592679617376 | 0.006336479019303462 | 0.0018759861532240073 | 0.0008253476534255738 | 0.0008253476534255738 | 0.004340529664317165 | 0.0025379024181224376 | 0.0016802721269334514 | 0.0004126738267127869 | 0.0028168322464145685 | 0.0068062787438711945 | 0.002520408190400179 | 0.004083767246322717 | 0.004083767246322717 | 0.0008401360634667257 |
|              Kappa               | 0.06423982869379012  |  0.06999212767480135  | 0.09227898966704959  |  0.048492697316353556 |  0.03194474422620317  |  0.03194474422620317  | 0.07084114846342533  |  0.054249026114557605 |  0.03304818308108528  |  0.016231629743365013 |  0.038856304985337146 |  0.05571847507331338  | 0.04917319408181033  | 0.03361344537815076  | 0.03361344537815076  |   0.016659295297066   |
|             Klosgen              | 0.04213423581324773  |  0.04905628883970987  | 0.07322514371610371  |  0.03478486217582853  |  0.021214850013603584 |  0.021214850013603584 | 0.059105298169928634 |  0.042338629117167084 |   0.0352679159029407  |  0.015001164306474616 |  0.049624766624491785 |  0.07955934638711704  | 0.04319419912679649  |  0.0616264047184903  |  0.0616264047184903  |  0.024938182493286245 |
|            Kulczynski            |  0.3384615384615385  |  0.35989010989010994  | 0.42735042735042733  |  0.32158119658119655  |  0.27564102564102566  |  0.27564102564102566  |  0.3978243978243978  |   0.3480963480963481  |   0.3504273504273504  |  0.26282051282051283  |   0.4170940170940171  |   0.5213675213675214  | 0.35897435897435903  |  0.5128205128205128  |  0.5128205128205128  |   0.3418803418803419  |
|     Goodman-Kruskal's Lambda     |  0.3214285714285715  |   0.3214285714285715  |  0.3194029850746269  |   0.3254437869822486  |   0.3274336283185841  |   0.3274336283185841  | 0.32344213649851633  |   0.3254437869822486  |  0.33137829912023464  |   0.3333333333333334  |  0.33137829912023464  |   0.3294117647058824  |  0.3274336283185841  |  0.3333333333333334  |  0.3333333333333334  |   0.3352769679300292  |
|       Least Contradiction        | 0.025641025641025637 |  0.034188034188034185 | 0.059829059829059825 |  0.01709401709401709  |          0.0          |          0.0          | 0.042735042735042736 |  0.025641025641025637 |  0.017094017094017096 |          0.0          |  0.025641025641025644 |  0.042735042735042736 | 0.025641025641025644 | 0.025641025641025644 | 0.025641025641025644 |  0.008547008547008548 |
|        Lerman Similarity         |  1.7349447958987203  |   1.9514778111462303  |  2.662919715564619   |   1.4526401853141733  |   0.9569321102069628  |   0.9569321102069628  |  2.210568238889235   |   1.6928180403713895  |   1.377690267056974   |   0.6766531842624961  |   1.7696184927295713  |   2.5375661405178755  |  1.687319088944137   |  1.9655902804251124  |  1.9655902804251124  |   0.9741741302106918  |
|        Piatetsky-Shapiro         | 0.011342155009451795 |  0.012325141776937618 | 0.016206679269061122 |   0.0084940138626339  | 0.0055954631379962205 | 0.0055954631379962205 | 0.012375551354757404 |  0.009477000630119721 | 0.0056962822936357915 | 0.0027977315689981103 |  0.006679269061121614 |  0.009577819785759296 | 0.008544423440453688 | 0.005746691871455577 | 0.005746691871455577 | 0.0028481411468178957 |
|          Max Confidence          |         0.6          |   0.6428571428571429  |  0.7692307692307692  |   0.5833333333333333  |          0.5          |          0.5          |  0.7272727272727273  |   0.6363636363636364  |   0.6666666666666666  |          0.5          |          0.8          |          1.0          |  0.6666666666666667  |         1.0          |         1.0          |   0.6666666666666666  |
|            Odds Ratio            |  3.0833333333333326  |   3.716666666666666   |  7.009345794392522   |   2.8381818181818184  |          2.0          |          2.0          |  5.504587155963303   |   3.5636363636363635  |          4.0          |   1.9736842105263162  |   8.035398230088497   |          inf          |  4.054054054054054   |         inf          |         inf          |   3.947826086956522   |
|   Phi Correlation Coefficient    |  0.1174818602431797  |  0.13194463763503986  | 0.17977576904928774  |  0.09792150087817472  |  0.06450615191381244  |  0.06450615191381244  | 0.14878968231011003  |  0.11394077504806796  |  0.09204365696681258  |  0.04520728284653184  |  0.11805443678092405  |  0.16928560745943821  | 0.11323213736991385  |  0.1307440900921227  |  0.1307440900921227  |  0.06479860605442923  |
|          Ralambondrainy          | 0.017391304347826087 |  0.014492753623188406 | 0.008695652173913044 |  0.014492753623188406 |  0.017391304347826087 |  0.017391304347826087 | 0.008695652173913044 |  0.011594202898550725 |  0.005797101449275362 |  0.008695652173913044 |  0.002898550724637681 |          0.0          | 0.008695652173913044 |         0.0          |         0.0          |  0.002898550724637681 |
| Relative Linkage Disequilibrium  |  0.9999871177182902  |   0.9999901209199399  |  0.9999954921653834  |   0.9999856651376147  |   0.9999738876122832  |   0.9999738876122832  |  0.9999940966728849  |   0.9999897215569785  |   0.9999914497759841  |   0.9999738876122832  |   0.9999963540375387  |          1.0          |  0.9999914497759841  |         1.0          |         1.0          |   0.9999914497759841  |
|          Relative Risk           |  1.8333333333333333  |   1.9702380952380951  |  2.3867721063982743  |   1.7659090909090907  |          1.5          |          1.5          |  2.2285237698081732  |   1.9322314049586777  |          2.0          |   1.486842105263158   |   2.4070796460176993  |   3.0357142857142865  |  2.0180180180180187  |         3.0          |         3.0          |   1.982608695652174   |
|        Rule Power Factor         | 0.015652173913043476 |  0.016770186335403725 | 0.022296544035674472 |  0.01183574879227053  |  0.008695652173913044 |  0.008695652173913044 | 0.01686429512516469  |  0.012911725955204215 |  0.007729468599033816 |  0.004347826086956522 |  0.00927536231884058  |  0.014492753623188406 | 0.011594202898550727 | 0.008695652173913044 | 0.008695652173913044 |  0.003864734299516908 |
|         Sebag-Schoenauer         |         1.5          |   1.7999999999999998  |  3.3333333333333335  |          1.4          |          1.0          |          1.0          |  2.6666666666666665  |   1.7499999999999998  |          2.0          |          1.0          |          4.0          |          inf          |         2.0          |         inf          |         inf          |          2.0          |
|              Yule Q              |  0.5102040816326531  |   0.5759717314487632  |  0.750291715285881   |   0.4789199431549029  |  0.33333333333333337  |  0.33333333333333337  |  0.692524682651622   |   0.5617529880478087  |          0.6          |  0.32743362831858414  |   0.7786483839373163  |          1.0          |  0.6042780748663101  |         1.0          |         1.0          |   0.5957820738137083  |
|              Yule Y              |  0.2742953995435617  |   0.3169085898482204  | 0.45168177454337205  |   0.2550351490936056  |  0.17157287525380993  |  0.17157287525380993  |  0.402304533397603   |   0.3074215770306485  |   0.3333333333333333  |   0.1683572291807268  |  0.47844379520630376  |          1.0          | 0.33631288267687265  |         1.0          |         1.0          |   0.3304125278266045  |
|         Weighted Support         | 0.043478260869565216 |  0.04057971014492753  | 0.03768115942028986  |  0.034782608695652174 |  0.034782608695652174 |  0.034782608695652174 | 0.03188405797101449  |  0.03188405797101449  |  0.017391304347826087 |  0.017391304347826087 |  0.014492753623188406 |  0.014492753623188406 | 0.02608695652173913  | 0.008695652173913044 | 0.008695652173913044 |  0.008695652173913044 |
|      Weighted Rule Support       | 0.02608695652173913  |  0.02608695652173913  | 0.028985507246376812 |  0.020289855072463767 |  0.017391304347826087 |  0.017391304347826087 | 0.02318840579710145  |  0.020289855072463767 |  0.011594202898550725 |  0.008695652173913044 |  0.011594202898550725 |  0.014492753623188406 | 0.017391304347826087 | 0.008695652173913044 | 0.008695652173913044 |  0.005797101449275362 |
|       Weighted Confidence        |         0.6          |   0.6428571428571429  |  0.7692307692307692  |   0.5833333333333333  |          0.5          |          0.5          |  0.7272727272727273  |   0.6363636363636364  |   0.6666666666666666  |          0.5          |          0.8          |          1.0          |  0.6666666666666667  |         1.0          |         1.0          |   0.6666666666666666  |
|          Weighted Lift           |  1.7692307692307692  |   1.8956043956043958  |  2.2682445759368837  |   1.7200854700854702  |   1.4743589743589745  |   1.4743589743589745  |  2.1445221445221447  |   1.8764568764568763  |   1.965811965811966   |   1.4743589743589745  |   2.358974358974359   |   2.948717948717949   |  1.9658119658119662  |  2.948717948717949   |  2.948717948717949   |   1.965811965811966   |
|     Statistical Significance     | 0.024160339706084038 |  0.01103093498343478  | 0.002363085377681168 |  0.08426212390052656  |   0.0755937785981739  |  0.035679638940769004 | 0.039239116293122274 |   0.0550333567554027  |  0.01144499454202004  | 0.0010730635233147999 |  0.008538828039286135 | 0.0016300962150690474 |  0.0724209564939095  | 0.05203897079958766  | 0.09957987436583017  |  0.03173473089330602  |
|           FleBiC Score           | 0.017642366155542665 |  0.009785007289788912 | 0.003627900225742864 |   0.0460962829945195  |   0.0235162419128032  |  0.011099471891101711 | 0.042874824168530584 |  0.03822683103315882  |  0.005877629519371428 | 0.0002511462268347763 |  0.006414070129548933 | 0.0022677237816671925 | 0.04979857498336314  | 0.046236093781454705 | 0.08847570079077127  |  0.010402633824668106 |
+----------------------------------+----------------------+-----------------------+----------------------+-----------------------+-----------------------+-----------------------+----------------------+-----------------------+-----------------------+-----------------------+-----------------------+-----------------------+----------------------+----------------------+----------------------+-----------------------+

