FOUND BICS:#55
 I=[2,0] (2,32) Y=[age-at-heart-attack,pericardial-effusion] X=[0,1,5,10,12,18,20,22,23,28,38,39,42,46,54,57,58,59,60,61,68,69,75,82,85,89,94,99,100,106,109,127] pvalue=0.5 Lifts=[1.3541666666666667, 0.8917682926829269, 0.7779255319148937]
 I=[2,0] (2,30) Y=[lvdd,pericardial-effusion] X=[4,6,7,14,18,20,22,47,51,53,54,57,59,60,64,67,68,69,73,78,79,84,89,92,97,103,106,117,124,126] pvalue=0.71 Lifts=[1.1349206349206349, 0.951219512195122, 0.9219858156028369]
 I=[2,0] (2,29) Y=[wall-motion-index,pericardial-effusion] X=[1,3,4,6,10,14,20,22,25,32,35,37,38,45,53,57,65,69,71,73,76,83,87,93,95,97,102,103,109] pvalue=0.82 Lifts=[1.38752052545156, 0.8746846089150547, 0.7630227439471753]
 I=[2,1,0] (3,14) Y=[age-at-heart-attack,wall-motion-index,pericardial-effusion] X=[18,42,46,58,59,60,61,68,75,82,85,94,106,127] pvalue=0.15 Lifts=[1.1054421768707483, 0.9059233449477352, 0.9878419452887538]
 I=[1,0,0] (3,13) Y=[lvdd,wall-motion-index,pericardial-effusion] X=[0,23,30,70,77,81,98,100,101,107,112,115,125] pvalue=0.12 Lifts=[1.4285714285714286, 0.9756097560975611, 0.6382978723404256]
 I=[0,2] (2,18) Y=[fractional-shortening,lvdd] X=[4,14,17,18,20,47,53,57,60,64,68,73,79,84,86,89,96,124] pvalue=0.08 Lifts=[1.2037037037037035, 1.056910569105691, 0.7683215130023641]
 I=[1,2] (2,18) Y=[age-at-heart-attack,wall-motion-index] X=[3,6,14,17,35,37,45,48,50,53,71,83,93,96,102,113,116,121] pvalue=0.09 Lifts=[1.7195767195767193, 0.5284552845528455, 0.7683215130023641]
 I=[2,1,0] (3,11) Y=[age-at-heart-attack,fractional-shortening,pericardial-effusion] X=[22,23,59,61,69,75,94,99,106,109,127] pvalue=0.24 Lifts=[1.406926406926407, 0.8647450110864745, 0.7543520309477757]
 I=[2,2,0] (3,11) Y=[age-at-heart-attack,lvdd,pericardial-effusion] X=[18,20,22,54,57,59,60,68,69,89,106] pvalue=0.33 Lifts=[1.9696969696969697, 0.5764966740576497, 0.5029013539651838]
 I=[2,0,0] (3,11) Y=[age-at-heart-attack,fractional-shortening,pericardial-effusion] X=[10,18,20,42,46,57,60,68,82,85,89] pvalue=0.39 Lifts=[1.6883116883116882, 0.5764966740576497, 0.7543520309477757]
 I=[1,2,2] (3,11) Y=[fractional-shortening,epss,lvdd] X=[6,19,21,31,51,97,103,106,113,116,117] pvalue=2.229703131838637E-4 Lifts=[1.6883116883116882, 1.1529933481152994, 0.2514506769825919]
 I=[2,2,0] (3,11) Y=[lvdd,wall-motion-index,pericardial-effusion] X=[4,6,14,20,22,53,57,69,73,97,103] pvalue=0.39 Lifts=[1.6883116883116882, 1.1529933481152994, 0.2514506769825919]
 I=[0,2,0] (3,11) Y=[fractional-shortening,wall-motion-index,pericardial-effusion] X=[4,10,14,20,37,45,53,57,65,71,73] pvalue=0.46 Lifts=[1.6883116883116882, 0.5764966740576497, 0.7543520309477757]
 I=[2,2,0] (3,11) Y=[epss,wall-motion-index,pericardial-effusion] X=[4,6,10,14,37,53,73,76,97,103,109] pvalue=0.29 Lifts=[1.6883116883116882, 1.441241685144124, 0.0]
 I=[1,1] (2,15) Y=[epss,lvdd] X=[0,3,9,16,55,61,63,65,70,82,101,112,115,121,125] pvalue=0.12 Lifts=[1.4444444444444442, 0.8455284552845529, 0.7375886524822696]
 I=[1,1] (2,14) Y=[fractional-shortening,lvdd] X=[23,61,70,74,75,77,81,88,94,98,120,121,125,127] pvalue=0.14 Lifts=[1.1054421768707483, 0.9059233449477352, 0.9878419452887538]
 I=[1,0] (2,14) Y=[age-at-heart-attack,fractional-shortening] X=[13,14,17,30,37,45,53,55,71,79,96,118,124,129] pvalue=0.45 Lifts=[1.3265306122448979, 0.6794425087108014, 0.9878419452887538]
 I=[2,1] (2,13) Y=[age-at-heart-attack,epss] X=[0,16,20,22,44,57,59,61,63,66,69,82,89] pvalue=0.34 Lifts=[2.142857142857143, 0.48780487804878053, 0.425531914893617]
 I=[2,2] (2,13) Y=[fractional-shortening,wall-motion-index] X=[1,3,16,25,35,38,41,44,50,76,87,95,102] pvalue=0.49 Lifts=[1.1904761904761905, 0.9756097560975611, 0.851063829787234]
 I=[1,2] (2,13) Y=[epss,wall-motion-index] X=[3,16,20,22,32,35,44,57,65,69,71,95,121] pvalue=0.41 Lifts=[1.9047619047619049, 0.24390243902439027, 0.851063829787234]
 I=[2,1] (2,13) Y=[wall-motion-index,pericardial-effusion] X=[16,17,19,29,41,44,48,50,80,96,113,116,121] pvalue=0.02 Lifts=[1.9047619047619049, 0.7317073170731708, 0.425531914893617]
 I=[2,0] (2,12) Y=[age-at-heart-attack,wall-motion-index] X=[0,5,12,23,28,39,54,63,86,89,99,100] pvalue=0.53 Lifts=[1.5476190476190474, 0.7926829268292683, 0.6914893617021277]
 I=[2,2] (2,12) Y=[age-at-heart-attack,wall-motion-index] X=[1,10,16,19,20,22,38,41,44,57,69,109] pvalue=0.53 Lifts=[1.8055555555555554, 1.056910569105691, 0.23049645390070922]
 I=[2,2] (2,12) Y=[age-at-heart-attack,epss] X=[10,18,19,21,42,54,68,75,85,86,106,109] pvalue=0.38 Lifts=[1.8055555555555554, 0.7926829268292683, 0.46099290780141844]
 I=[2,1] (2,12) Y=[age-at-heart-attack,lvdd] X=[0,16,23,41,58,61,63,75,82,94,100,127] pvalue=0.38 Lifts=[1.5476190476190474, 0.7926829268292683, 0.6914893617021277]
 I=[1,2] (2,12) Y=[fractional-shortening,wall-motion-index] X=[6,19,22,29,69,93,97,103,109,113,116,121] pvalue=0.45 Lifts=[1.2896825396825395, 1.056910569105691, 0.6914893617021277]
 I=[1,1] (2,12) Y=[age-at-heart-attack,lvdd] X=[3,30,55,77,81,88,101,107,120,121,125,129] pvalue=0.49 Lifts=[1.2896825396825395, 1.056910569105691, 0.6914893617021277]
 I=[2,1] (2,11) Y=[lvdd,pericardial-effusion] X=[17,19,21,31,36,66,86,96,111,113,116] pvalue=0.07 Lifts=[1.406926406926407, 1.1529933481152994, 0.5029013539651838]
 I=[1,0,0] (3,10) Y=[lvdd,wall-motion-index,pericardial-effusion] X=[30,70,77,81,98,101,107,112,115,125] pvalue=0.41 Lifts=[1.2380952380952381, 0.9512195121951219, 0.8297872340425532]
 I=[2,0] (2,11) Y=[epss,pericardial-effusion] X=[10,37,42,56,62,74,76,85,92,109,128] pvalue=0.99 Lifts=[1.406926406926407, 1.1529933481152994, 0.5029013539651838]
 I=[2,1] (2,8) Y=[wall-motion-index,pericardial-effusion] X=[16,29,41,44,48,50,80,121] pvalue=0.37 Lifts=[1.9345238095238095, 0.7926829268292684, 0.34574468085106386]
 I=[0,2] (2,8) Y=[fractional-shortening,epss] X=[37,42,49,56,62,80,85,128] pvalue=0.89 Lifts=[1.5476190476190477, 1.1890243902439026, 0.34574468085106386]
 I=[0,2,1] (3,5) Y=[age-at-heart-attack,lvdd,wall-motion-index] X=[31,47,51,84,92] pvalue=0.31 Lifts=[1.2380952380952381, 0.6341463414634146, 1.1063829787234043]
 I=[1,2,0] (3,5) Y=[age-at-heart-attack,wall-motion-index,pericardial-effusion] X=[3,35,83,93,102] pvalue=0.97 Lifts=[1.2380952380952381, 0.6341463414634146, 1.1063829787234043]
 I=[1,1,1,0,0] (5,3) Y=[age-at-heart-attack,fractional-shortening,lvdd,wall-motion-index,pericardial-effusion] X=[77,81,125] pvalue=0.01 Lifts=[2.0634920634920633, 1.056910569105691, 0.0]
 I=[2,1] (2,7) Y=[age-at-heart-attack,pericardial-effusion] X=[16,21,41,44,63,66,86] pvalue=0.46 Lifts=[1.7687074829931972, 0.9059233449477352, 0.3951367781155015]
 I=[0,1] (2,6) Y=[fractional-shortening,pericardial-effusion] X=[17,49,80,86,96,119] pvalue=0.68 Lifts=[1.5476190476190474, 1.056910569105691, 0.46099290780141844]
 I=[1,2,1] (3,4) Y=[fractional-shortening,lvdd,wall-motion-index] X=[31,51,66,117] pvalue=0.4 Lifts=[1.5476190476190477, 0.7926829268292684, 0.6914893617021277]
 I=[0,2,1,0,0,0] (6,2) Y=[age-at-heart-attack,fractional-shortening,epss,lvdd,wall-motion-index,pericardial-effusion] X=[52,91] pvalue=0.005281572974098538 Lifts=[1.5476190476190477, 0.0, 1.3829787234042554]
 I=[2,0,2,0,0] (5,2) Y=[age-at-heart-attack,fractional-shortening,epss,lvdd,pericardial-effusion] X=[42,85] pvalue=0.07 Lifts=[1.5476190476190477, 0.0, 1.3829787234042554]
 I=[2,2,1] (3,3) Y=[age-at-heart-attack,wall-motion-index,pericardial-effusion] X=[16,41,44] pvalue=0.21 Lifts=[2.0634920634920633, 1.056910569105691, 0.0]
 I=[0,1,1] (3,3) Y=[age-at-heart-attack,fractional-shortening,wall-motion-index] X=[31,51,74] pvalue=0.61 Lifts=[2.0634920634920633, 1.056910569105691, 0.0]
 I=[1,2,2] (3,3) Y=[age-at-heart-attack,fractional-shortening,wall-motion-index] X=[35,50,102] pvalue=0.66 Lifts=[2.0634920634920633, 1.056910569105691, 0.0]
 I=[2,1,1] (3,3) Y=[lvdd,wall-motion-index,pericardial-effusion] X=[21,31,66] pvalue=0.26 Lifts=[2.0634920634920633, 0.0, 0.9219858156028369]
 I=[0,0,1] (3,3) Y=[age-at-heart-attack,fractional-shortening,lvdd] X=[9,49,62] pvalue=0.58 Lifts=[2.0634920634920633, 1.056910569105691, 0.0]
 I=[1,2] (2,4) Y=[epss,wall-motion-index] X=[32,35,44,95] pvalue=0.99 Lifts=[1.5476190476190477, 0.7926829268292684, 0.6914893617021277]
 I=[1,1] (2,4) Y=[age-at-heart-attack,pericardial-effusion] X=[11,36,48,50] pvalue=0.9 Lifts=[1.5476190476190477, 0.7926829268292684, 0.6914893617021277]
 I=[1,0,0,0] (4,2) Y=[age-at-heart-attack,fractional-shortening,wall-motion-index,pericardial-effusion] X=[13,30] pvalue=0.72 Lifts=[1.5476190476190477, 0.0, 1.3829787234042554]
 I=[1,0,2,0] (4,2) Y=[age-at-heart-attack,epss,wall-motion-index,pericardial-effusion] X=[93,102] pvalue=0.64 Lifts=[1.5476190476190477, 0.0, 1.3829787234042554]
 I=[2,1] (2,3) Y=[age-at-heart-attack,lvdd] X=[58,63,82] pvalue=0.99 Lifts=[2.0634920634920633, 0.0, 0.9219858156028369]
 I=[2,1] (2,3) Y=[epss,lvdd] X=[49,62,74] pvalue=0.99 Lifts=[2.0634920634920633, 1.056910569105691, 0.0]
 I=[2,1,1] (3,2) Y=[age-at-heart-attack,epss,pericardial-effusion] X=[44,66] pvalue=0.39 Lifts=[1.5476190476190477, 0.0, 1.3829787234042554]
 I=[2,2,0] (3,2) Y=[fractional-shortening,epss,pericardial-effusion] X=[76,92] pvalue=0.99 Lifts=[1.5476190476190477, 0.0, 1.3829787234042554]
 I=[0,1,1] (3,2) Y=[age-at-heart-attack,wall-motion-index,pericardial-effusion] X=[31,119] pvalue=0.5 Lifts=[1.5476190476190477, 0.0, 1.3829787234042554]
 I=[1,1] (2,2) Y=[lvdd,pericardial-effusion] X=[49,63] pvalue=0.97 Lifts=[3.0952380952380953, 0.0, 0.0]

2.000;2.000;0.000;0.000;0.000;0.000;0.000;0.000;0.000;0.000;0.000;0.000;0.000;0.000;0.000;0.000;0.000;0.000;0.000;0.000;0.000;0.000;0.000;0.000;0.000;0.000;0.000;0.000;0.000;0.000;0.000;0.000;
2.000;2.000;0.000;0.000;0.000;0.000;0.000;0.000;0.000;0.000;0.000;0.000;0.000;0.000;0.000;0.000;0.000;0.000;0.000;0.000;0.000;0.000;0.000;0.000;0.000;0.000;0.000;0.000;0.000;0.000;0.000;0.000;



2.000;0.000;0.000;0.000;0.000;0.000;0.000;0.000;0.000;0.000;0.000;0.000;0.000;0.000;0.000;0.000;0.000;0.000;0.000;0.000;0.000;0.000;0.000;0.000;0.000;0.000;0.000;0.000;0.000;0.000;
0.000;0.000;0.000;0.000;0.000;0.000;0.000;0.000;0.000;0.000;0.000;0.000;0.000;0.000;0.000;0.000;0.000;0.000;0.000;0.000;0.000;0.000;0.000;0.000;0.000;0.000;0.000;0.000;0.000;0.000;



0.000;2.000;2.000;0.000;0.000;0.000;0.000;0.000;0.000;0.000;0.000;0.000;0.000;0.000;0.000;0.000;0.000;0.000;0.000;0.000;0.000;0.000;0.000;0.000;0.000;0.000;0.000;0.000;0.000;
2.000;0.000;0.000;0.000;0.000;0.000;0.000;0.000;0.000;0.000;0.000;0.000;0.000;0.000;0.000;0.000;0.000;0.000;0.000;0.000;0.000;0.000;0.000;0.000;0.000;0.000;0.000;0.000;0.000;



0.000;0.000;0.000;0.000;0.000;0.000;0.000;0.000;0.000;0.000;0.000;0.000;0.000;0.000;
0.000;0.000;0.000;0.000;0.000;0.000;0.000;0.000;0.000;0.000;0.000;0.000;0.000;0.000;
0.000;0.000;0.000;0.000;0.000;0.000;0.000;0.000;0.000;0.000;0.000;0.000;0.000;0.000;



1.000;0.000;0.000;0.000;0.000;0.000;0.000;0.000;0.000;0.000;0.000;0.000;0.000;
0.000;0.000;0.000;0.000;0.000;0.000;0.000;0.000;0.000;0.000;0.000;0.000;0.000;
2.000;0.000;0.000;0.000;0.000;0.000;0.000;0.000;0.000;0.000;0.000;0.000;0.000;



2.000;0.000;0.000;0.000;0.000;0.000;0.000;0.000;0.000;0.000;0.000;0.000;0.000;0.000;0.000;0.000;0.000;0.000;
2.000;0.000;0.000;0.000;0.000;0.000;0.000;0.000;0.000;0.000;0.000;0.000;0.000;0.000;0.000;0.000;0.000;0.000;



1.000;0.000;0.000;0.000;0.000;0.000;0.000;0.000;0.000;0.000;0.000;0.000;0.000;0.000;0.000;0.000;0.000;0.000;
2.000;0.000;0.000;0.000;0.000;0.000;0.000;0.000;0.000;0.000;0.000;0.000;0.000;0.000;0.000;0.000;0.000;0.000;



0.000;0.000;0.000;0.000;0.000;0.000;0.000;0.000;0.000;0.000;0.000;
0.000;0.000;0.000;0.000;0.000;0.000;0.000;0.000;0.000;0.000;0.000;
0.000;0.000;0.000;0.000;0.000;0.000;0.000;0.000;0.000;0.000;0.000;



0.000;0.000;0.000;0.000;0.000;0.000;0.000;0.000;0.000;0.000;0.000;
0.000;0.000;0.000;0.000;0.000;0.000;0.000;0.000;0.000;0.000;0.000;
0.000;0.000;0.000;0.000;0.000;0.000;0.000;0.000;0.000;0.000;0.000;



0.000;0.000;0.000;0.000;0.000;0.000;0.000;0.000;0.000;0.000;0.000;
0.000;0.000;0.000;0.000;0.000;0.000;0.000;0.000;0.000;0.000;0.000;
0.000;0.000;0.000;0.000;0.000;0.000;0.000;0.000;0.000;0.000;0.000;



0.000;0.000;0.000;0.000;0.000;0.000;0.000;0.000;0.000;0.000;0.000;
0.000;0.000;0.000;0.000;0.000;0.000;0.000;0.000;0.000;0.000;0.000;
0.000;0.000;0.000;0.000;0.000;0.000;0.000;0.000;0.000;0.000;0.000;



2.000;0.000;0.000;0.000;0.000;0.000;0.000;0.000;0.000;0.000;0.000;
2.000;0.000;0.000;0.000;0.000;0.000;0.000;0.000;0.000;0.000;0.000;
0.000;0.000;0.000;0.000;0.000;0.000;0.000;0.000;0.000;0.000;0.000;



2.000;0.000;0.000;0.000;0.000;0.000;0.000;0.000;0.000;0.000;0.000;
2.000;0.000;0.000;0.000;0.000;0.000;0.000;0.000;0.000;0.000;0.000;
0.000;0.000;0.000;0.000;0.000;0.000;0.000;0.000;0.000;0.000;0.000;



0.000;0.000;0.000;0.000;0.000;0.000;0.000;0.000;0.000;0.000;0.000;
2.000;0.000;0.000;0.000;0.000;0.000;0.000;0.000;0.000;0.000;0.000;
0.000;0.000;0.000;0.000;0.000;0.000;0.000;0.000;0.000;0.000;0.000;



0.000;0.000;0.000;0.000;0.000;0.000;0.000;0.000;0.000;0.000;0.000;0.000;0.000;0.000;0.000;
1.000;1.000;0.000;0.000;0.000;0.000;0.000;0.000;0.000;0.000;0.000;0.000;0.000;0.000;0.000;



0.000;0.000;0.000;0.000;0.000;0.000;0.000;0.000;0.000;0.000;0.000;0.000;0.000;0.000;
0.000;0.000;0.000;0.000;0.000;0.000;0.000;0.000;0.000;0.000;0.000;0.000;0.000;0.000;



0.000;0.000;0.000;0.000;0.000;0.000;0.000;0.000;0.000;0.000;0.000;0.000;0.000;0.000;
0.000;0.000;0.000;0.000;0.000;0.000;0.000;0.000;0.000;0.000;0.000;0.000;0.000;0.000;



2.000;0.000;0.000;0.000;0.000;0.000;0.000;0.000;0.000;0.000;0.000;0.000;0.000;
0.000;0.000;0.000;0.000;0.000;0.000;0.000;0.000;0.000;0.000;0.000;0.000;0.000;



2.000;0.000;0.000;0.000;0.000;0.000;0.000;0.000;0.000;0.000;0.000;0.000;0.000;
0.000;2.000;0.000;0.000;0.000;0.000;0.000;0.000;0.000;0.000;0.000;0.000;0.000;



0.000;0.000;0.000;0.000;0.000;0.000;0.000;0.000;0.000;0.000;0.000;0.000;0.000;
2.000;0.000;0.000;0.000;0.000;0.000;0.000;0.000;0.000;0.000;0.000;0.000;0.000;



0.000;0.000;0.000;0.000;0.000;0.000;0.000;0.000;0.000;0.000;0.000;0.000;0.000;
0.000;0.000;0.000;0.000;0.000;0.000;0.000;0.000;0.000;0.000;0.000;0.000;0.000;



2.000;0.000;0.000;0.000;0.000;0.000;0.000;0.000;0.000;0.000;0.000;0.000;
0.000;0.000;0.000;0.000;0.000;0.000;0.000;0.000;0.000;0.000;0.000;0.000;



2.000;0.000;0.000;0.000;0.000;0.000;0.000;0.000;0.000;0.000;0.000;0.000;
0.000;0.000;0.000;0.000;0.000;0.000;0.000;0.000;0.000;0.000;0.000;0.000;



0.000;0.000;0.000;0.000;0.000;0.000;0.000;0.000;0.000;0.000;0.000;0.000;
0.000;0.000;0.000;0.000;0.000;0.000;0.000;0.000;0.000;0.000;0.000;0.000;



2.000;0.000;0.000;0.000;0.000;0.000;0.000;0.000;0.000;0.000;0.000;0.000;
1.000;0.000;0.000;0.000;0.000;0.000;0.000;0.000;0.000;0.000;0.000;0.000;



0.000;0.000;0.000;0.000;0.000;0.000;0.000;0.000;0.000;0.000;0.000;0.000;
0.000;0.000;0.000;0.000;0.000;0.000;0.000;0.000;0.000;0.000;0.000;0.000;



1.000;0.000;0.000;0.000;0.000;0.000;0.000;0.000;0.000;0.000;0.000;0.000;
1.000;0.000;0.000;0.000;0.000;0.000;0.000;0.000;0.000;0.000;0.000;0.000;



0.000;0.000;0.000;0.000;0.000;0.000;0.000;0.000;0.000;0.000;0.000;
0.000;0.000;0.000;0.000;0.000;0.000;0.000;0.000;0.000;0.000;0.000;



0.000;0.000;0.000;0.000;0.000;0.000;0.000;0.000;0.000;0.000;
0.000;0.000;0.000;0.000;0.000;0.000;0.000;0.000;0.000;0.000;
0.000;0.000;0.000;0.000;0.000;0.000;0.000;0.000;0.000;0.000;



0.000;0.000;0.000;0.000;0.000;0.000;0.000;0.000;0.000;0.000;0.000;
0.000;0.000;0.000;0.000;0.000;0.000;0.000;0.000;0.000;0.000;0.000;



0.000;0.000;0.000;0.000;0.000;0.000;0.000;0.000;
0.000;0.000;0.000;0.000;0.000;0.000;0.000;0.000;



0.000;0.000;0.000;0.000;0.000;0.000;0.000;0.000;
0.000;0.000;0.000;0.000;0.000;0.000;0.000;0.000;



0.000;0.000;0.000;0.000;0.000;
0.000;0.000;0.000;0.000;0.000;
0.000;0.000;0.000;0.000;0.000;



1.000;0.000;0.000;0.000;0.000;
2.000;0.000;0.000;0.000;0.000;
0.000;0.000;0.000;0.000;0.000;



0.000;0.000;0.000;
0.000;0.000;0.000;
0.000;0.000;0.000;
0.000;0.000;0.000;
0.000;0.000;0.000;



0.000;0.000;0.000;0.000;0.000;0.000;0.000;
0.000;0.000;0.000;0.000;0.000;0.000;0.000;



0.000;0.000;0.000;0.000;0.000;0.000;
0.000;0.000;0.000;0.000;0.000;0.000;



0.000;0.000;0.000;0.000;
0.000;0.000;0.000;0.000;
0.000;0.000;0.000;0.000;



0.000;0.000;
0.000;0.000;
0.000;0.000;
0.000;0.000;
0.000;0.000;
0.000;0.000;



0.000;0.000;
0.000;0.000;
0.000;0.000;
0.000;0.000;
0.000;0.000;



0.000;0.000;0.000;
0.000;0.000;0.000;
0.000;0.000;0.000;



0.000;0.000;0.000;
0.000;0.000;0.000;
0.000;0.000;0.000;



0.000;0.000;0.000;
0.000;0.000;0.000;
0.000;0.000;0.000;



0.000;0.000;0.000;
0.000;0.000;0.000;
0.000;0.000;0.000;



0.000;0.000;0.000;
0.000;0.000;0.000;
0.000;0.000;0.000;



0.000;0.000;0.000;0.000;
0.000;0.000;0.000;0.000;



0.000;0.000;0.000;0.000;
0.000;0.000;0.000;0.000;



0.000;0.000;
0.000;0.000;
0.000;0.000;
0.000;0.000;



0.000;0.000;
0.000;0.000;
0.000;0.000;
0.000;0.000;



0.000;0.000;0.000;
0.000;0.000;0.000;



0.000;0.000;0.000;
0.000;0.000;0.000;



0.000;0.000;
0.000;0.000;
0.000;0.000;



0.000;0.000;
0.000;0.000;
0.000;0.000;



0.000;0.000;
0.000;0.000;
0.000;0.000;



0.000;0.000;
0.000;0.000;



