FOUND BICS:#78
 I=[2,2,2,2,2] (5,14) Y=[perimeter_0,area_1,radius_2,perimeter_2,area_2] X=[5,9,14,17,19,20,23,24,27,28,30,32,34,43] pvalue=3.337654265381364E-26
 I=[2,2,2,2] (4,13) Y=[radius_0,perimeter_0,area_0,perimeter_2] X=[0,5,14,17,20,24,27,30,32,34,36,42,43] pvalue=6.348300868760153E-17
 I=[2,2,2,2] (4,11) Y=[radius_1,perimeter_1,area_1,perimeter_2] X=[6,17,20,23,27,28,30,32,34,35,43] pvalue=6.639625369733596E-15
 I=[0,0,0] (3,10) Y=[compactness_0,fractal_dimension_0,fractal_dimension_2] X=[5,8,15,16,17,26,39,43,44,45] pvalue=2.3929023823446115E-6 Lifts=[1.38, 0.69, 1.15]
 I=[2,2,2] (3,10) Y=[concavity_0,concave_points_0,concave_points_2] X=[19,20,28,30,31,32,34,36,40,42] pvalue=3.81895694946467E-6 Lifts=[1.8399999999999999, 0.9199999999999999, 0.575]
 I=[0,0,0] (3,10) Y=[fractal_dimension_0,smoothness_2,fractal_dimension_2] X=[8,14,15,16,17,25,31,43,44,45] pvalue=4.2752233377742826E-6 Lifts=[1.38, 0.69, 1.15]
 I=[1,2,1] (3,10) Y=[fractal_dimension_0,concave_points_2,fractal_dimension_2] X=[7,9,19,20,32,34,36,38,40,42] pvalue=3.81895694946467E-6 Lifts=[2.3, 1.15, 0.0]
 I=[2,2] (2,13) Y=[perimeter_0,perimeter_2] X=[5,14,17,19,20,23,24,27,30,32,34,42,43] pvalue=0.00131867766716725 Lifts=[2.123076923076923, 1.0615384615384615, 0.22115384615384617]
 I=[2,2] (2,12) Y=[radius_0,perimeter_2] X=[5,14,17,20,24,27,30,31,32,34,42,43] pvalue=0.0021664833767359496 Lifts=[1.9166666666666665, 0.9583333333333333, 0.4791666666666667]
 I=[0,0] (2,12) Y=[smoothness_0,smoothness_2] X=[6,8,15,16,17,23,25,27,31,43,44,45] pvalue=0.0024096878363013205 Lifts=[1.5333333333333332, 0.7666666666666666, 0.9583333333333334]
 I=[2,2] (2,12) Y=[compactness_0,concavity_0] X=[6,7,10,13,18,19,20,27,28,32,34,42] pvalue=0.004257761204382183 Lifts=[1.9166666666666665, 0.575, 0.9583333333333334]
 I=[2,2] (2,12) Y=[concavity_0,concavity_2] X=[6,7,10,19,20,27,28,30,32,36,40,42] pvalue=0.0024096878363013205 Lifts=[1.9166666666666665, 0.9583333333333333, 0.4791666666666667]
 I=[2,2] (2,12) Y=[radius_1,perimeter_1] X=[6,18,20,23,25,27,28,30,32,34,35,43] pvalue=4.3892831901521254E-5 Lifts=[1.5333333333333332, 0.9583333333333333, 0.71875]
 I=[2,2] (2,12) Y=[perimeter_2,concave_points_2] X=[5,6,9,19,20,28,30,31,32,34,35,42] pvalue=0.01 Lifts=[1.15, 1.15, 0.71875]
 I=[0,0] (2,11) Y=[texture_0,texture_2] X=[0,1,7,12,16,19,22,28,32,36,43] pvalue=0.0025379854949229255 Lifts=[2.090909090909091, 0.6272727272727273, 0.7840909090909091]
 I=[2,1] (2,11) Y=[concavity_0,fractal_dimension_0] X=[0,7,18,19,20,27,32,34,36,40,42] pvalue=0.01 Lifts=[2.5090909090909093, 0.8363636363636364, 0.26136363636363635]
 I=[2,2] (2,11) Y=[concave_points_0,perimeter_2] X=[19,20,23,27,28,30,31,32,34,42,43] pvalue=0.006415759685845393 Lifts=[2.090909090909091, 0.8363636363636364, 0.5227272727272727]
 I=[0,0] (2,11) Y=[symmetry_0,symmetry_2] X=[5,8,12,13,27,30,33,39,43,44,45] pvalue=0.01 Lifts=[1.6727272727272728, 1.0454545454545454, 0.5227272727272727]
 I=[1,2] (2,11) Y=[area_1,concave_points_1] X=[0,7,10,13,14,18,25,31,33,36,41] pvalue=0.03 Lifts=[1.2545454545454546, 0.8363636363636364, 1.0454545454545454]
 I=[2,2] (2,11) Y=[concave_points_1,symmetry_1] X=[6,7,13,14,17,25,31,33,35,36,41] pvalue=0.0014082440624434431 Lifts=[1.6727272727272728, 0.8363636363636364, 0.7840909090909091]
 I=[0,0] (2,11) Y=[compactness_2,symmetry_2] X=[0,5,8,13,16,30,33,39,43,44,45] pvalue=0.02 Lifts=[1.2545454545454546, 1.0454545454545454, 0.7840909090909091]
 I=[2,2] (2,11) Y=[concavity_2,concave_points_2] X=[6,7,19,20,28,30,32,36,38,40,42] pvalue=0.01 Lifts=[1.6727272727272728, 1.2545454545454546, 0.26136363636363635]
 I=[0,0] (2,10) Y=[texture_0,texture_1] X=[0,1,7,12,19,22,32,36,37,43] pvalue=0.01 Lifts=[2.3, 0.9199999999999999, 0.2875]
 I=[2,2] (2,10) Y=[perimeter_0,concave_points_0] X=[19,20,23,27,30,32,34,36,42,43] pvalue=0.004571792033561986 Lifts=[2.76, 0.9199999999999999, 0.0]
 I=[0,0] (2,10) Y=[smoothness_0,compactness_0] X=[5,8,15,16,17,22,26,43,44,45] pvalue=0.01 Lifts=[1.38, 0.69, 1.15]
 I=[2,2] (2,10) Y=[compactness_0,compactness_2] X=[3,4,6,7,10,20,23,27,28,32] pvalue=0.01 Lifts=[1.38, 0.9199999999999999, 0.8624999999999999]
 I=[2,2] (2,10) Y=[compactness_0,concavity_2] X=[3,6,7,10,19,20,27,28,32,42] pvalue=0.01 Lifts=[1.8399999999999999, 0.69, 0.8624999999999999]
 I=[2,2] (2,10) Y=[concavity_0,perimeter_2] X=[6,19,20,27,28,30,31,32,34,42] pvalue=0.06 Lifts=[1.8399999999999999, 0.9199999999999999, 0.575]
 I=[2,1] (2,10) Y=[concavity_0,fractal_dimension_2] X=[7,13,19,20,27,32,34,36,40,42] pvalue=0.01 Lifts=[2.76, 0.69, 0.2875]
 I=[0,0] (2,10) Y=[symmetry_0,compactness_2] X=[5,8,13,30,33,36,39,43,44,45] pvalue=0.04 Lifts=[1.8399999999999999, 0.9199999999999999, 0.575]
 I=[1,1] (2,10) Y=[symmetry_0,fractal_dimension_0] X=[0,7,9,20,23,29,32,34,40,42] pvalue=0.04 Lifts=[1.38, 1.38, 0.2875]
 I=[1,1] (2,10) Y=[fractal_dimension_0,concavity_1] X=[19,20,23,29,32,34,38,40,41,42] pvalue=0.04 Lifts=[1.38, 1.38, 0.2875]
 I=[0,0] (2,10) Y=[texture_1,texture_2] X=[0,1,7,12,19,22,32,34,36,43] pvalue=0.01 Lifts=[2.76, 0.69, 0.2875]
 I=[1,2] (2,10) Y=[area_1,symmetry_1] X=[7,13,14,15,16,25,31,33,36,41] pvalue=0.04 Lifts=[1.38, 0.69, 1.15]
 I=[1,1] (2,10) Y=[concavity_1,fractal_dimension_1] X=[14,17,19,30,31,32,34,40,41,42] pvalue=0.01 Lifts=[1.8399999999999999, 1.15, 0.2875]
 I=[1,2] (2,10) Y=[concavity_1,perimeter_2] X=[14,17,19,20,23,30,31,32,34,42] pvalue=0.06 Lifts=[1.8399999999999999, 1.15, 0.2875]
 I=[1,2] (2,10) Y=[concavity_1,concave_points_2] X=[4,19,20,30,31,32,34,38,40,42] pvalue=0.06 Lifts=[1.38, 1.38, 0.2875]
 I=[2,2] (2,10) Y=[concavity_1,concave_points_1] X=[0,6,7,10,18,25,28,33,35,36] pvalue=0.004571792033561986 Lifts=[1.38, 0.69, 1.15]
 I=[0,0] (2,10) Y=[smoothness_2,symmetry_2] X=[0,8,13,16,23,27,34,43,44,45] pvalue=0.04 Lifts=[1.8399999999999999, 0.69, 0.8624999999999999]
 I=[0,0,0,0,0] (5,8) Y=[compactness_0,compactness_1,fractal_dimension_1,compactness_2,fractal_dimension_2] X=[5,8,15,26,39,43,44,45] pvalue=5.8317642073479784E-12
 I=[2,2,2,2] (4,9) Y=[radius_0,perimeter_0,radius_2,perimeter_2] X=[5,14,17,20,24,27,30,34,42] pvalue=1.4707251173453517E-10
 I=[2,2,2] (3,9) Y=[perimeter_0,area_0,perimeter_2] X=[5,14,20,24,27,30,32,34,42] pvalue=4.594546319337516E-6 Lifts=[1.5333333333333332, 1.2777777777777777, 0.3194444444444444]
 I=[2,2,2] (3,9) Y=[perimeter_0,area_1,perimeter_2] X=[17,19,20,23,27,30,32,34,43] pvalue=4.594546319337516E-6 Lifts=[3.0666666666666664, 0.7666666666666666, 0.0]
 I=[2,2,2] (3,9) Y=[radius_1,area_1,perimeter_2] X=[6,17,20,23,27,28,30,34,35] pvalue=1.2898444397712714E-6 Lifts=[1.5333333333333332, 1.0222222222222221, 0.6388888888888888]
 I=[0,0,0] (3,9) Y=[compactness_2,concavity_2,fractal_dimension_2] X=[5,8,15,16,25,41,43,44,45] pvalue=4.6295744533788E-5 Lifts=[1.0222222222222221, 1.0222222222222221, 0.9583333333333334]
 I=[2,1,2] (3,8) Y=[area_1,smoothness_1,perimeter_2] X=[6,9,23,27,28,30,32,43] pvalue=3.378302975413882E-5 Lifts=[1.7249999999999999, 1.15, 0.359375]
 I=[2,2,2] (3,8) Y=[area_1,perimeter_2,concave_points_2] X=[6,9,19,20,28,32,34,35] pvalue=1.3640533242815313E-4 Lifts=[1.7249999999999999, 0.8624999999999999, 0.71875]
 I=[0,0,0] (3,8) Y=[compactness_1,concavity_1,concavity_2] X=[5,8,12,15,22,43,44,45] pvalue=4.111721574766031E-5 Lifts=[1.15, 1.15, 0.71875]
 I=[2,2] (2,11) Y=[radius_2,perimeter_2] X=[5,9,14,17,20,23,24,27,28,30,34] pvalue=0.006415759685845393 Lifts=[1.2545454545454546, 1.2545454545454546, 0.5227272727272727]
 I=[0,0] (2,10) Y=[compactness_0,fractal_dimension_2] X=[5,8,15,16,17,26,39,43,44,45] pvalue=0.02 Lifts=[1.38, 0.69, 1.15]
 I=[1,2] (2,10) Y=[area_1,symmetry_1] X=[7,13,14,15,16,25,31,33,36,41] pvalue=0.04 Lifts=[1.38, 0.69, 1.15]
 I=[2,2] (2,10) Y=[perimeter_2,area_2] X=[5,9,14,19,20,24,28,30,32,34] pvalue=0.01 Lifts=[1.38, 1.15, 0.575]
 I=[2,1] (2,10) Y=[concave_points_2,fractal_dimension_2] X=[7,9,19,20,32,34,36,38,40,42] pvalue=0.01 Lifts=[2.3, 1.15, 0.0]
 I=[2,2] (2,9) Y=[concave_points_0,perimeter_2] X=[19,20,23,27,28,31,32,34,42] pvalue=0.04 Lifts=[2.0444444444444443, 0.7666666666666666, 0.6388888888888888]
 I=[2,2] (2,9) Y=[concave_points_0,concave_points_2] X=[19,20,28,31,32,34,36,40,42] pvalue=0.04 Lifts=[2.0444444444444443, 0.7666666666666666, 0.6388888888888888]
 I=[0,0] (2,9) Y=[smoothness_1,symmetry_1] X=[5,8,12,24,26,34,38,44,45] pvalue=0.02 Lifts=[1.0222222222222221, 1.0222222222222221, 0.9583333333333334]
 I=[1,1] (2,9) Y=[concavity_1,concave_points_1] X=[16,19,21,23,29,30,32,34,42] pvalue=0.04 Lifts=[1.5333333333333332, 0.7666666666666666, 0.9583333333333334]
 I=[1,2] (2,9) Y=[concave_points_1,perimeter_2] X=[9,19,23,27,30,32,34,42,43] pvalue=0.06 Lifts=[2.5555555555555554, 1.0222222222222221, 0.0]
 I=[2,2] (2,8) Y=[texture_0,texture_2] X=[3,11,13,21,33,38,44,45] pvalue=0.05 Lifts=[1.15, 0.8624999999999999, 1.078125]
 I=[2,2] (2,8) Y=[perimeter_0,concave_points_0] X=[19,20,23,27,32,34,36,42] pvalue=0.03 Lifts=[2.875, 0.8624999999999999, 0.0]
 I=[2,1] (2,8) Y=[perimeter_0,fractal_dimension_1] X=[14,17,19,30,32,34,36,42] pvalue=0.05 Lifts=[2.875, 0.8624999999999999, 0.0]
 I=[2,1] (2,8) Y=[perimeter_0,fractal_dimension_2] X=[19,20,24,27,32,34,36,42] pvalue=0.03 Lifts=[2.875, 0.575, 0.359375]
 I=[1,2] (2,8) Y=[area_0,concave_points_2] X=[6,7,9,19,28,31,38,40] pvalue=0.12 Lifts=[1.15, 1.15, 0.71875]
 I=[0,0] (2,8) Y=[compactness_0,concavity_2] X=[5,8,15,16,22,43,44,45] pvalue=0.07 Lifts=[1.15, 0.8624999999999999, 1.078125]
 I=[2,1] (2,8) Y=[concave_points_0,fractal_dimension_2] X=[19,20,27,32,34,36,40,42] pvalue=0.02 Lifts=[2.875, 0.8624999999999999, 0.0]
 I=[1,1] (2,8) Y=[fractal_dimension_0,fractal_dimension_2] X=[7,9,19,29,36,38,40,42] pvalue=0.06 Lifts=[1.7249999999999999, 1.15, 0.359375]
 I=[1,1] (2,8) Y=[smoothness_1,concave_points_1] X=[9,23,27,29,30,32,42,43] pvalue=0.05 Lifts=[1.7249999999999999, 1.15, 0.359375]
 I=[1,2] (2,8) Y=[concavity_1,perimeter_2] X=[17,19,20,23,30,32,34,42] pvalue=0.21 Lifts=[2.3, 1.15, 0.0]
 I=[1,2] (2,8) Y=[concavity_1,concave_points_2] X=[4,19,20,32,34,38,40,42] pvalue=0.21 Lifts=[1.7249999999999999, 1.4375, 0.0]
 I=[1,1] (2,8) Y=[concavity_1,fractal_dimension_2] X=[19,20,29,32,34,38,40,42] pvalue=0.06 Lifts=[1.7249999999999999, 1.15, 0.359375]
 I=[1,1] (2,8) Y=[concave_points_1,symmetry_1] X=[1,9,19,21,23,27,39,43] pvalue=0.09 Lifts=[1.7249999999999999, 0.8624999999999999, 0.71875]
 I=[2,0] (2,8) Y=[symmetry_1,lymph_node_status] X=[6,7,13,15,25,32,33,35] pvalue=0.14 Lifts=[1.7249999999999999, 0.575, 1.078125]
 I=[1,2] (2,8) Y=[fractal_dimension_1,perimeter_2] X=[14,17,19,30,31,32,34,42] pvalue=0.12 Lifts=[2.3, 0.8624999999999999, 0.359375]
 I=[1,2] (2,8) Y=[fractal_dimension_1,concave_points_2] X=[7,19,31,32,34,36,40,42] pvalue=0.12 Lifts=[2.875, 0.575, 0.359375]
 I=[2,1] (2,8) Y=[perimeter_2,fractal_dimension_2] X=[9,19,20,24,27,32,34,42] pvalue=0.09 Lifts=[2.3, 0.8624999999999999, 0.359375]
 I=[2,0] (2,8) Y=[perimeter_2,lymph_node_status] X=[5,6,19,24,28,32,34,35] pvalue=0.38 Lifts=[1.7249999999999999, 0.575, 1.078125]
 I=[1,2] (2,8) Y=[smoothness_2,concave_points_2] X=[19,20,28,32,35,38,40,42] pvalue=0.12 Lifts=[1.15, 1.15, 0.71875]
 I=[2,0] (2,8) Y=[concave_points_2,lymph_node_status] X=[4,6,7,19,28,32,34,35] pvalue=0.38 Lifts=[2.3, 0.575, 0.71875]

2.000;2.000;2.000;1.000;2.000;0.000;0.000;2.000;0.000;1.000;2.000;0.000;0.000;0.000;
2.000;2.000;2.000;2.000;2.000;0.000;1.000;0.000;1.000;0.000;1.000;0.000;0.000;0.000;
2.000;1.000;0.000;0.000;0.000;2.000;2.000;1.000;2.000;1.000;2.000;0.000;0.000;0.000;
0.000;1.000;1.000;0.000;1.000;0.000;0.000;1.000;0.000;2.000;0.000;0.000;0.000;0.000;
2.000;1.000;1.000;1.000;2.000;2.000;2.000;0.000;1.000;0.000;2.000;0.000;0.000;0.000;



2.000;1.000;2.000;2.000;1.000;0.000;1.000;1.000;0.000;0.000;0.000;0.000;0.000;
0.000;2.000;2.000;1.000;0.000;2.000;0.000;2.000;0.000;0.000;0.000;0.000;0.000;
0.000;2.000;1.000;0.000;0.000;2.000;1.000;2.000;0.000;0.000;0.000;0.000;0.000;
0.000;0.000;1.000;0.000;0.000;1.000;0.000;0.000;0.000;0.000;0.000;0.000;0.000;



2.000;2.000;0.000;0.000;1.000;1.000;0.000;0.000;0.000;0.000;0.000;
0.000;0.000;0.000;0.000;0.000;0.000;1.000;0.000;0.000;0.000;0.000;
2.000;2.000;0.000;1.000;1.000;0.000;1.000;0.000;0.000;0.000;0.000;
0.000;0.000;0.000;0.000;0.000;2.000;0.000;0.000;0.000;0.000;0.000;



0.000;0.000;0.000;0.000;0.000;0.000;0.000;0.000;0.000;0.000;
0.000;1.000;1.000;0.000;1.000;1.000;0.000;0.000;0.000;0.000;
1.000;1.000;0.000;1.000;1.000;0.000;0.000;0.000;0.000;0.000;



2.000;1.000;2.000;0.000;0.000;0.000;0.000;0.000;0.000;0.000;
1.000;1.000;2.000;0.000;0.000;0.000;0.000;0.000;0.000;0.000;
2.000;2.000;0.000;0.000;2.000;0.000;0.000;0.000;0.000;0.000;



1.000;1.000;1.000;0.000;1.000;1.000;2.000;0.000;0.000;0.000;
1.000;0.000;0.000;0.000;0.000;0.000;0.000;0.000;0.000;0.000;
1.000;1.000;0.000;1.000;1.000;0.000;1.000;0.000;0.000;0.000;



1.000;1.000;0.000;2.000;0.000;0.000;0.000;0.000;0.000;0.000;
2.000;1.000;2.000;2.000;0.000;0.000;0.000;0.000;0.000;0.000;
1.000;1.000;0.000;0.000;0.000;0.000;0.000;0.000;0.000;0.000;



2.000;2.000;1.000;2.000;0.000;0.000;2.000;0.000;2.000;0.000;0.000;0.000;0.000;
0.000;1.000;0.000;1.000;0.000;0.000;1.000;0.000;0.000;0.000;0.000;0.000;0.000;



1.000;2.000;2.000;1.000;0.000;1.000;1.000;0.000;0.000;0.000;0.000;0.000;
0.000;1.000;0.000;0.000;1.000;0.000;0.000;0.000;0.000;0.000;0.000;0.000;



1.000;2.000;1.000;1.000;0.000;1.000;2.000;2.000;0.000;0.000;0.000;0.000;
1.000;1.000;0.000;0.000;0.000;2.000;0.000;1.000;0.000;0.000;0.000;0.000;



0.000;1.000;1.000;1.000;0.000;0.000;2.000;2.000;0.000;0.000;0.000;0.000;
2.000;1.000;2.000;2.000;2.000;2.000;1.000;2.000;2.000;0.000;0.000;0.000;



2.000;1.000;2.000;2.000;1.000;2.000;2.000;0.000;0.000;0.000;0.000;0.000;
0.000;0.000;0.000;0.000;1.000;2.000;1.000;2.000;0.000;0.000;0.000;0.000;



2.000;1.000;0.000;0.000;2.000;1.000;1.000;0.000;0.000;0.000;0.000;0.000;
0.000;0.000;0.000;0.000;1.000;0.000;0.000;1.000;0.000;0.000;0.000;0.000;



0.000;0.000;1.000;1.000;0.000;2.000;0.000;0.000;0.000;0.000;0.000;0.000;
2.000;2.000;1.000;2.000;2.000;0.000;0.000;2.000;0.000;0.000;0.000;0.000;



0.000;0.000;0.000;0.000;2.000;2.000;0.000;2.000;0.000;0.000;0.000;
0.000;2.000;0.000;0.000;1.000;2.000;0.000;1.000;0.000;0.000;0.000;



1.000;1.000;2.000;2.000;1.000;2.000;0.000;0.000;0.000;0.000;0.000;
1.000;1.000;1.000;0.000;2.000;2.000;0.000;0.000;0.000;0.000;0.000;



1.000;1.000;1.000;2.000;2.000;0.000;0.000;0.000;0.000;0.000;0.000;
1.000;0.000;0.000;0.000;2.000;0.000;0.000;0.000;0.000;0.000;0.000;



0.000;0.000;0.000;0.000;0.000;0.000;0.000;0.000;0.000;0.000;0.000;
2.000;0.000;2.000;2.000;2.000;0.000;0.000;0.000;0.000;0.000;0.000;



1.000;2.000;1.000;1.000;2.000;2.000;0.000;0.000;0.000;0.000;0.000;
2.000;1.000;2.000;2.000;0.000;2.000;1.000;2.000;0.000;0.000;0.000;



1.000;1.000;2.000;0.000;2.000;1.000;2.000;0.000;0.000;0.000;0.000;
2.000;1.000;1.000;2.000;2.000;1.000;2.000;0.000;0.000;0.000;0.000;



1.000;1.000;2.000;1.000;2.000;2.000;0.000;0.000;0.000;0.000;0.000;
1.000;2.000;0.000;2.000;2.000;0.000;0.000;0.000;0.000;0.000;0.000;



0.000;0.000;0.000;1.000;1.000;2.000;0.000;0.000;0.000;0.000;0.000;
2.000;2.000;2.000;2.000;0.000;0.000;0.000;0.000;0.000;0.000;0.000;



0.000;0.000;0.000;0.000;2.000;0.000;0.000;0.000;0.000;0.000;
0.000;2.000;0.000;0.000;1.000;0.000;0.000;0.000;0.000;0.000;



2.000;0.000;0.000;0.000;2.000;0.000;0.000;0.000;0.000;0.000;
1.000;1.000;1.000;2.000;0.000;0.000;0.000;0.000;0.000;0.000;



2.000;2.000;1.000;1.000;0.000;1.000;1.000;0.000;0.000;0.000;
0.000;0.000;0.000;0.000;0.000;2.000;0.000;0.000;0.000;0.000;



2.000;0.000;0.000;1.000;1.000;2.000;2.000;2.000;0.000;0.000;
0.000;0.000;0.000;0.000;2.000;0.000;1.000;0.000;1.000;0.000;



2.000;0.000;1.000;1.000;0.000;2.000;2.000;0.000;0.000;0.000;
0.000;0.000;0.000;0.000;0.000;1.000;2.000;1.000;0.000;0.000;



2.000;2.000;1.000;2.000;2.000;0.000;0.000;0.000;0.000;0.000;
0.000;1.000;0.000;0.000;2.000;0.000;0.000;0.000;0.000;0.000;



1.000;2.000;2.000;1.000;2.000;0.000;0.000;0.000;0.000;0.000;
1.000;0.000;0.000;0.000;0.000;0.000;0.000;0.000;0.000;0.000;



0.000;0.000;0.000;0.000;0.000;0.000;0.000;0.000;0.000;0.000;
1.000;2.000;1.000;2.000;0.000;0.000;0.000;0.000;0.000;0.000;



0.000;0.000;0.000;0.000;0.000;0.000;0.000;0.000;0.000;0.000;
1.000;1.000;1.000;2.000;2.000;1.000;0.000;0.000;0.000;0.000;



0.000;2.000;2.000;1.000;0.000;0.000;0.000;0.000;0.000;0.000;
0.000;1.000;1.000;0.000;0.000;0.000;0.000;0.000;0.000;0.000;



0.000;2.000;0.000;0.000;1.000;0.000;0.000;0.000;0.000;0.000;
0.000;2.000;0.000;0.000;2.000;0.000;0.000;0.000;0.000;0.000;



2.000;1.000;2.000;2.000;0.000;0.000;0.000;0.000;0.000;0.000;
1.000;1.000;2.000;2.000;2.000;1.000;2.000;0.000;0.000;0.000;



0.000;1.000;0.000;1.000;2.000;0.000;0.000;0.000;0.000;0.000;
0.000;1.000;1.000;1.000;0.000;0.000;0.000;0.000;0.000;0.000;



0.000;1.000;0.000;1.000;1.000;1.000;2.000;0.000;0.000;0.000;
1.000;0.000;1.000;0.000;0.000;0.000;0.000;0.000;0.000;0.000;



0.000;0.000;1.000;1.000;2.000;0.000;0.000;0.000;0.000;0.000;
0.000;2.000;2.000;0.000;2.000;0.000;0.000;0.000;0.000;0.000;



1.000;0.000;0.000;1.000;2.000;0.000;0.000;0.000;0.000;0.000;
2.000;1.000;1.000;2.000;2.000;1.000;2.000;0.000;0.000;0.000;



2.000;1.000;1.000;0.000;2.000;1.000;0.000;0.000;0.000;0.000;
1.000;0.000;2.000;2.000;2.000;2.000;0.000;0.000;0.000;0.000;



0.000;0.000;0.000;0.000;0.000;0.000;0.000;0.000;
0.000;2.000;0.000;0.000;0.000;0.000;0.000;0.000;
2.000;2.000;0.000;2.000;0.000;0.000;0.000;0.000;
1.000;2.000;2.000;0.000;0.000;0.000;0.000;0.000;
1.000;1.000;0.000;0.000;0.000;0.000;0.000;0.000;



1.000;2.000;2.000;1.000;0.000;1.000;1.000;0.000;0.000;
2.000;2.000;1.000;0.000;2.000;0.000;2.000;0.000;0.000;
2.000;0.000;0.000;2.000;1.000;2.000;2.000;0.000;0.000;
0.000;1.000;0.000;0.000;1.000;0.000;0.000;0.000;0.000;



2.000;2.000;0.000;2.000;0.000;2.000;0.000;0.000;0.000;
2.000;1.000;0.000;2.000;1.000;2.000;0.000;0.000;0.000;
0.000;1.000;0.000;1.000;0.000;0.000;0.000;0.000;0.000;



1.000;2.000;0.000;0.000;0.000;2.000;0.000;0.000;0.000;
2.000;2.000;0.000;1.000;1.000;1.000;0.000;0.000;0.000;
0.000;1.000;0.000;0.000;0.000;0.000;0.000;0.000;0.000;



2.000;2.000;0.000;0.000;1.000;1.000;0.000;0.000;0.000;
2.000;2.000;0.000;1.000;1.000;0.000;1.000;0.000;0.000;
0.000;0.000;0.000;0.000;0.000;2.000;0.000;0.000;0.000;



1.000;2.000;2.000;2.000;0.000;0.000;0.000;0.000;0.000;
0.000;1.000;0.000;0.000;0.000;0.000;0.000;0.000;0.000;
1.000;1.000;0.000;1.000;0.000;0.000;0.000;0.000;0.000;



2.000;2.000;1.000;1.000;0.000;1.000;0.000;0.000;
1.000;0.000;2.000;1.000;2.000;2.000;0.000;0.000;
0.000;1.000;0.000;0.000;2.000;0.000;0.000;0.000;



2.000;2.000;2.000;0.000;0.000;0.000;0.000;0.000;
0.000;1.000;1.000;0.000;2.000;0.000;0.000;0.000;
2.000;1.000;2.000;2.000;0.000;0.000;0.000;0.000;



0.000;2.000;1.000;0.000;0.000;0.000;0.000;0.000;
0.000;1.000;1.000;1.000;1.000;0.000;0.000;0.000;
0.000;1.000;0.000;0.000;1.000;0.000;0.000;0.000;



2.000;1.000;0.000;0.000;2.000;2.000;1.000;2.000;1.000;2.000;0.000;
0.000;1.000;1.000;0.000;0.000;0.000;1.000;0.000;2.000;0.000;0.000;



0.000;0.000;0.000;0.000;0.000;0.000;0.000;0.000;0.000;0.000;
1.000;1.000;0.000;1.000;1.000;0.000;0.000;0.000;0.000;0.000;



2.000;1.000;2.000;2.000;0.000;0.000;0.000;0.000;0.000;0.000;
1.000;1.000;2.000;2.000;2.000;1.000;2.000;0.000;0.000;0.000;



0.000;1.000;1.000;1.000;0.000;1.000;2.000;0.000;0.000;0.000;
2.000;1.000;1.000;2.000;2.000;0.000;0.000;2.000;0.000;0.000;



2.000;1.000;2.000;2.000;0.000;0.000;0.000;0.000;0.000;0.000;
1.000;1.000;0.000;0.000;0.000;0.000;0.000;0.000;0.000;0.000;



1.000;1.000;1.000;2.000;2.000;0.000;0.000;0.000;0.000;
1.000;0.000;0.000;0.000;2.000;0.000;0.000;0.000;0.000;



1.000;1.000;2.000;0.000;0.000;0.000;0.000;0.000;0.000;
2.000;2.000;0.000;2.000;0.000;0.000;0.000;0.000;0.000;



1.000;1.000;1.000;0.000;1.000;0.000;0.000;0.000;0.000;
2.000;2.000;2.000;1.000;0.000;0.000;0.000;0.000;0.000;



1.000;0.000;0.000;1.000;0.000;1.000;0.000;0.000;0.000;
1.000;1.000;1.000;2.000;0.000;0.000;0.000;0.000;0.000;



0.000;1.000;2.000;1.000;0.000;0.000;0.000;0.000;0.000;
1.000;1.000;0.000;0.000;0.000;0.000;0.000;0.000;0.000;



0.000;0.000;0.000;0.000;0.000;0.000;0.000;0.000;
0.000;2.000;0.000;2.000;0.000;0.000;0.000;0.000;



2.000;0.000;0.000;0.000;0.000;0.000;0.000;0.000;
1.000;1.000;1.000;2.000;0.000;0.000;0.000;0.000;



2.000;1.000;2.000;2.000;0.000;0.000;0.000;0.000;
0.000;1.000;1.000;1.000;0.000;0.000;0.000;0.000;



2.000;0.000;2.000;0.000;0.000;0.000;0.000;0.000;
0.000;0.000;2.000;0.000;0.000;0.000;0.000;0.000;



1.000;0.000;2.000;2.000;2.000;1.000;0.000;0.000;
2.000;2.000;1.000;2.000;0.000;2.000;0.000;0.000;



0.000;0.000;0.000;0.000;2.000;0.000;0.000;0.000;
0.000;1.000;0.000;0.000;1.000;0.000;0.000;0.000;



1.000;1.000;2.000;0.000;0.000;0.000;0.000;0.000;
0.000;0.000;0.000;0.000;0.000;0.000;0.000;0.000;



1.000;1.000;0.000;1.000;0.000;0.000;0.000;0.000;
1.000;1.000;0.000;1.000;0.000;0.000;0.000;0.000;



0.000;2.000;1.000;0.000;2.000;0.000;0.000;0.000;
0.000;2.000;1.000;0.000;0.000;0.000;0.000;0.000;



1.000;0.000;1.000;1.000;1.000;0.000;0.000;0.000;
0.000;1.000;0.000;0.000;0.000;0.000;0.000;0.000;



0.000;0.000;1.000;0.000;0.000;0.000;0.000;0.000;
0.000;2.000;2.000;0.000;0.000;0.000;0.000;0.000;



0.000;1.000;0.000;0.000;0.000;0.000;0.000;0.000;
0.000;0.000;1.000;0.000;0.000;0.000;0.000;0.000;



1.000;0.000;1.000;1.000;2.000;1.000;0.000;0.000;
1.000;1.000;2.000;0.000;1.000;0.000;0.000;0.000;



2.000;1.000;1.000;2.000;1.000;0.000;0.000;0.000;
2.000;2.000;1.000;2.000;1.000;0.000;0.000;0.000;



0.000;1.000;1.000;1.000;0.000;0.000;0.000;0.000;
1.000;0.000;1.000;0.000;0.000;0.000;0.000;0.000;



2.000;1.000;0.000;0.000;0.000;0.000;0.000;0.000;
2.000;2.000;2.000;0.000;0.000;0.000;0.000;0.000;



1.000;1.000;0.000;1.000;0.000;0.000;0.000;0.000;
1.000;0.000;0.000;2.000;0.000;0.000;0.000;0.000;



0.000;0.000;1.000;1.000;2.000;0.000;0.000;0.000;
1.000;2.000;1.000;0.000;2.000;0.000;0.000;0.000;



0.000;2.000;1.000;0.000;0.000;0.000;0.000;0.000;
2.000;2.000;0.000;0.000;0.000;0.000;0.000;0.000;



0.000;2.000;2.000;2.000;0.000;0.000;0.000;0.000;
0.000;2.000;2.000;1.000;2.000;0.000;0.000;0.000;



