+----------------------------------+------------------------+------------------------+-----------------------+----------------------+-----------------------+-----------------------+-----------------------+-----------------------+
|              Metric              |           P1           |           P2           |           P3          |          P4          |           P5          |           P6          |           P7          |           P8          |
+----------------------------------+------------------------+------------------------+-----------------------+----------------------+-----------------------+-----------------------+-----------------------+-----------------------+
|  Outcome selected for analysis   |           1            |           1            |           1           |          1           |           1           |           1           |           1           |           1           |
|         Information Gain         |  0.00949464384296676   | 0.0023876573106789375  |  0.005203773697815373 | 0.021988196642100218 |  0.03341760383227825  |  0.034651605156845566 |  0.011773283249799026 |  0.036237472416611675 |
|           Chi-squared            |   2.0032258064516126   |   0.4920698311273392   |   0.9331480233602869  |  3.535350472956587   |   5.300344438410318   |   3.9382929464423513  |   0.7725262526424861  |   1.9710361043917242  |
|            Gini index            |  0.002458686505274907  | 0.0006039486160519386  |  0.001145311948892988 | 0.00507096348306188  | 0.0076784962348588615 | 0.0056489278417445055 | 0.0011080803577531995 | 0.0028271743312646425 |
|      Difference in Support       |          0.05          |  0.023809523809523822  |  0.030357142857142867 | 0.050764006791171476 |  0.060583647122108654 |  0.04380305602716469  |  0.013412563667232596 |  0.019864176570458403 |
|          Bigger Support          |  0.11666666666666665   |          0.1           |  0.08750000000000001  | 0.08947368421052632  |  0.09467455621301775  |  0.06315789473684211  |  0.02631578947368421  |  0.02631578947368421  |
|            Confidence            |   0.7999999999999999   |          0.75          |   0.7777777777777778  |  0.7391304347826088  |  0.27272727272727276  |          0.8          |   0.7142857142857143  |   0.8333333333333334  |
|          All-Confidence          |  0.11666666666666665   |          0.1           |  0.08750000000000001  | 0.08947368421052632  |  0.034090909090909095 |  0.06315789473684211  |  0.02631578947368421  |  0.02631578947368421  |
|               Lift               |          1.15          |        1.078125        |   1.1180555555555556  |  1.342105263157895   |   0.5346074380165289  |   1.4526315789473685  |   1.2969924812030076  |   1.5131578947368423  |
|        Standardised Lift         |   0.7941176470588235   |   0.7419354838709677   |   0.7692307692307693  |  0.7272727272727273  |  0.23809523809523805  |   0.7857142857142857  |   0.6666666666666666  |          0.8          |
|       Collective Strength        |   1.1547559966914804   |   1.113980561179804    |   1.1111099280207843  |  1.122730024213075   |   0.9998505475272369  |   1.091919191919192   |   1.035055481633894   |   1.0393099372692725  |
|              Cosine              |  0.30550504633038933   |   0.2738612787525831   |   0.2608745973749755  |  0.2571628338468219  |  0.09642365197998376  |  0.22478059477960655  |  0.13710212427677046  |   0.1480872194397731  |
|         Interestingness          |  0.09331137716166069   |  0.07498487712665407   |   0.0680435482741721  | 0.06612327756461371  |  0.009297051977065728 |  0.05052122176897822  |  0.018796202857490292 |  0.021928903333738675 |
|        Comprehensibility         |          0.5           |          0.5           |          0.5          |         0.5          |          0.5          |          0.5          |  0.43067655807339306  |  0.43067655807339306  |
|           Completeness           |  0.11666666666666665   |          0.1           |  0.08750000000000001  | 0.08947368421052632  |  0.034090909090909095 |  0.06315789473684211  |  0.02631578947368421  |  0.02631578947368421  |
|           Added Value            |  0.10434782608695647   |  0.05434782608695654   |  0.08212560386473433  | 0.18840579710144933  |  -0.2374176548089591  |  0.24927536231884062  |  0.16356107660455488  |  0.28260869565217395  |
|        Casual Confidence         |   0.4451612903225806   |  0.41333865814696485   |   0.4219077568134172  |  0.3959627329192547  |   0.1456515620602308  |   0.4181818181818182  |  0.36453930684699914  |  0.42404129793510326  |
|          Casual Support          |   0.3652173913043478   |   0.3507246376811594   |  0.34782608695652173  | 0.48115942028985503  |   0.4608695652173913  |   0.4753623188405797  |   0.4579710144927536  |   0.4608695652173913  |
|         Certainty Factor         |   0.3428571428571427   |  0.17857142857142863   |  0.26984126984126994  | 0.41935483870967755  |  -0.4846691769768691  |   0.5548387096774194  |  0.36405529953917054  |   0.6290322580645162  |
|            Conviction            |   1.521739130434783    |   1.2173913043478262   |   1.3695652173913047  |  1.722222222222222   |   0.6735507246376812  |   2.246376811594203   |   1.572463768115942   |   2.6956521739130435  |
|        Coverage (Support)        |  0.10144927536231885   |   0.0927536231884058   |   0.0782608695652174  | 0.06666666666666667  |  0.06376811594202898  |  0.043478260869565216 |  0.020289855072463767 |  0.017391304347826087 |
| Descriptive Confirmed Confidence |          0.6           |          0.5           |   0.5555555555555556  | 0.47826086956521746  |  -0.45454545454545453 |   0.6000000000000001  |  0.42857142857142855  |   0.6666666666666667  |
|    Difference of Proportions     |  0.11612903225806437   |  0.059904153354632506  |  0.08909853249475896  | 0.20186335403726707  |  -0.25358851674641153 |  0.26060606060606073  |   0.1669484361792054  |  0.28761061946902655  |
|   Example and Counter Example    |          0.75          |   0.6666666666666666   |   0.7142857142857142  |  0.6470588235294118  |  -1.6666666666666667  |          0.75         |          0.6          |          0.8          |
|         Imbalance Ratio          |   0.8299595141700403   |   0.838709677419355    |   0.8658536585365852  |  0.8520408163265307  |   0.8020833333333333  |   0.9067357512953368  |   0.9531250000000001  |   0.9633507853403142  |
|  Fisher's Exact Test (p-value)   |  0.10856944420005943   |   0.3148133990346704   |   0.2308233607983523  | 0.045985881387792804 |   0.9948272135612235  |  0.03959153934918391  |   0.315860641884643   |   0.1622077546893379  |
|         Hyper Confidence         |   0.8914305557999406   |   0.6851866009653296   |   0.7691766392016477  |  0.9540141186122072  |   0.0051727864387765  |   0.9604084606508161  |   0.684139358115357   |   0.8377922453106621  |
|            Hyper Lift            |          1.0           |   0.9230769230769231   |   0.9545454545454546  |        1.0625        |          0.4          |   1.0909090909090908  |   0.8333333333333334  |          1.0          |
|   Laplace Corrected Confidence   |   0.7837837837837838   |   0.7352941176470589   |   0.7586206896551724  |         0.72         |   0.2916666666666667  |   0.7647058823529411  |   0.6666666666666666  |          0.75         |
|            Importance            |   0.5593080109070124   |  0.44369749923271273   |   0.4973246408079493  | 0.41017446508904915  |  -0.3853508813640171  |   0.5118833609788743  |  0.30102999566398114  |  0.47712125471966244  |
|       Jaccard Coefficient        |  0.11336032388663968   |   0.0967741935483871   |  0.08536585365853659  | 0.08673469387755102  |        0.03125        |  0.062176165803108814 |  0.026041666666666668 |  0.026178010471204185 |
|            J-Measure             | 0.0012265451349923085  | 0.00029164417241688305 | 0.0005745934957581316 | 0.002190831068966223 |  0.003229811761207178 |  0.00258382014796973  | 0.0004971768038157971 | 0.0013587170634302636 |
|              Kappa               |  0.032276657060518715  |  0.015290519877675844  |  0.01932916429789645  | 0.046181172291296584 | -0.059505333025129566 |  0.03967704728950407  |  0.012097082918612629 |  0.017906336088154357 |
|             Klosgen              |  0.02972712257162794   |  0.014334358117299722  |  0.02026183039738617  | 0.04182242150490996  |  -0.0313097131240898  |  0.046490094787633045 |  0.019690439738666184 |  0.03402208891554347  |
|            Kulczynski            |   0.4583333333333333   |         0.425          |   0.4326388888888889  |  0.4143020594965675  |  0.15340909090909094  |  0.43157894736842106  |  0.37030075187969924  |   0.4298245614035088  |
|     Goodman-Kruskal's Lambda     |   0.668769716088328    |   0.6728971962616822   |   0.6759259259259259  |  0.5274390243902439  |   0.5014749262536873  |   0.5345345345345345  |   0.5441176470588236  |   0.5441176470588236  |
|       Least Contradiction        |         0.0875         |  0.06666666666666667   |         0.0625        | 0.05789473684210527  |  -0.05681818181818182 |  0.04736842105263158  |  0.015789473684210527 |  0.021052631578947368 |
|        Lerman Similarity         |   0.740152745692753    |   0.368604890387243    |   0.5116398756145187  |  1.2175615550562022  |  -1.5591128996632269  |   1.3009413947545112  |   0.5831250893103072  |   0.9328115028081327  |
|        Piatetsky-Shapiro         |  0.010586011342155005  |  0.005040957781978578  |  0.006427221172022685 | 0.012560386473429955 | -0.015139676538542323 |  0.01083805923125394  | 0.0033186305398025633 |  0.004914933837429112 |
|          Max Confidence          |   0.7999999999999999   |          0.75          |   0.7777777777777778  |  0.7391304347826088  |  0.27272727272727276  |          0.8          |   0.7142857142857143  |   0.8333333333333334  |
|            Odds Ratio            |   1.849056603773585    |   1.3472222222222223   |   1.5821917808219177  |  2.4402697495183046  |  0.33749999999999997  |   3.4157303370786516  |   2.0675675675675675  |   4.162162162162161   |
|   Phi Correlation Coefficient    |  0.07620007620011429   |  0.037766246379359575  |  0.05200746945684994  | 0.10122940617842467  |  0.12394884917893965  |   0.1068426032711013  |  0.04732025495914525  |  0.07558536980574788  |
|          Ralambondrainy          |  0.020289855072463767  |  0.02318840579710145   |  0.017391304347826087 | 0.017391304347826087 |   0.0463768115942029  |  0.008695652173913044 |  0.005797101449275362 |  0.002898550724637681 |
| Relative Linkage Disequilibrium  |   0.999983897199723    |   0.9999613541505642   |   0.9999772667856371  |  0.9999883671558277  |   0.9999903489808523  |   0.9999932592297996  |   0.9999853240091872  |   0.9999950452369862  |
|          Relative Risk           |   1.1698113207547167   |   1.0868055555555554   |   1.1293759512937596  |  1.375722543352601   |   0.5181818181818182  |   1.4831460674157306  |   1.305019305019305   |   1.527027027027027   |
|        Rule Power Factor         |  0.06492753623188405   |  0.052173913043478265  |  0.04734299516908212  | 0.03642091997479521  | 0.0047430830039525695 |  0.027826086956521744 |  0.010351966873706006 |  0.012077294685990338 |
|         Sebag-Schoenauer         |          4.0           |          3.0           |          3.5          |  2.8333333333333335  |         0.375         |          4.0          |          2.5          |          5.0          |
|              Yule Q              |   0.2980132450331126   |  0.14792899408284024   |  0.22546419098143236  |  0.4186502380285635  |  -0.49532710280373826 |   0.5470737913486005  |  0.34801762114537443  |   0.612565445026178   |
|              Yule Y              |   0.1524706228040444   |   0.0743736269516227   |  0.11420236786499688  |  0.2194013965789848  |  -0.26506414511362253 |  0.29779459014310034  |  0.17962311124533684  |  0.34213507919551317  |
|         Weighted Support         |  0.10144927536231885   |   0.0927536231884058   |   0.0782608695652174  | 0.06666666666666667  |  0.06376811594202898  |  0.043478260869565216 |  0.020289855072463767 |  0.017391304347826087 |
|      Weighted Rule Support       |  0.08115942028985507   |  0.06956521739130435   |  0.06086956521739131  | 0.04927536231884058  |  0.017391304347826087 |  0.034782608695652174 |  0.014492753623188406 |  0.014492753623188406 |
|       Weighted Confidence        |   0.7999999999999999   |          0.75          |   0.7777777777777778  |  0.7391304347826088  |  0.27272727272727276  |          0.8          |   0.7142857142857143  |   0.8333333333333334  |
|          Weighted Lift           |          1.15          |        1.078125        |   1.1180555555555556  |  1.342105263157895   |   0.5346074380165289  |   1.4526315789473685  |   1.2969924812030076  |   1.5131578947368423  |
|     Statistical Significance     | 0.0003115594851143894  |  0.002069475775073979  |  0.043280319675879586 |  0.0439654489099421  |  0.05264824589672101  |  0.08566079812105837  |  0.07200221990921855  |  0.10328686494752198  |
|           FleBiC Score           | 0.00011935346236042949 | 0.00039865557760290716 |  0.010743707010574558 | 0.025321888950397116 |  0.042013973417756326 |  0.053688872615501704 |  0.017483378071582564 |  0.04068565309345097  |
+----------------------------------+------------------------+------------------------+-----------------------+----------------------+-----------------------+-----------------------+-----------------------+-----------------------+
