FOUND BICS:#57
 I=[0,0] (2,35) Y=[sgpt,sgot] X=[5,11,17,28,43,46,61,62,66,101,108,115,118,119,125,144,153,173,194,209,216,221,224,238,240,261,263,266,270,286,289,301,308,312,323] pvalue=2.184366896694699E-5 Lifts=[1.1769722814498933, 1.1265306122448977, 1.1106639839034205, 0.8646616541353384, 0.4107142857142857]
 I=[0,0] (2,32) Y=[sgpt,gammagt] X=[4,19,37,42,46,62,63,66,69,87,103,108,115,117,122,134,139,173,177,194,209,213,216,224,238,241,266,272,301,308,323,338] pvalue=2.418050361229176E-4 Lifts=[1.287313432835821, 0.6160714285714286, 0.9110915492957747, 0.7565789473684211, 0.8984375]
 I=[0,0] (2,27) Y=[sgot,gammagt] X=[6,7,16,34,46,62,66,108,115,164,173,191,194,196,199,201,209,214,216,224,238,247,266,301,302,308,323] pvalue=0.01 Lifts=[1.716417910447761, 0.365079365079365, 0.35993740219092335, 0.8966861598440546, 0.5324074074074073]
 I=[1,0] (2,23) Y=[sgpt,gammagt] X=[6,7,8,16,22,27,34,45,68,88,89,91,102,110,128,164,191,214,222,223,245,282,302] pvalue=0.01 Lifts=[1.5671641791044775, 0.0, 1.4788732394366197, 0.5263157894736843, 0.0]
 I=[1,0] (2,22) Y=[alkphos,sgpt] X=[5,11,46,62,69,78,101,117,119,134,139,152,177,194,225,238,239,240,241,270,289,329] pvalue=0.14 Lifts=[1.287313432835821, 0.8961038961038961, 0.8834827144686301, 0.8253588516746413, 0.6534090909090909]
 I=[2,0] (2,22) Y=[alkphos,gammagt] X=[4,7,12,14,16,27,34,51,66,72,87,108,115,214,222,224,244,248,272,282,308,343] pvalue=0.01 Lifts=[1.6383989145183175, 0.8961038961038961, 0.8834827144686301, 0.27511961722488043, 0.32670454545454547]
 I=[0,0] (2,21) Y=[mcv,alkphos] X=[2,29,36,37,49,54,67,74,91,112,128,135,196,201,242,243,256,291,296,307,323] pvalue=0.08 Lifts=[1.3486140724946694, 0.9387755102040815, 1.1569416498993963, 0.5764411027568922, 0.3422619047619047]
 I=[1,0] (2,21) Y=[alkphos,gammagt] X=[6,9,22,45,46,62,69,102,117,134,139,164,177,191,194,223,238,241,247,252,324] pvalue=0.25 Lifts=[1.7164179104477608, 0.0, 0.46277665995975853, 0.8646616541353384, 0.6845238095238094]
 I=[1,0] (2,21) Y=[sgot,gammagt] X=[8,9,14,27,37,45,69,88,91,104,117,122,128,134,139,177,190,195,223,241,245] pvalue=0.1 Lifts=[1.4712153518123667, 0.0, 1.3883299798792756, 0.5764411027568922, 0.3422619047619047]
 I=[0,0] (2,20) Y=[mcv,sgpt] X=[4,11,37,43,115,117,121,134,136,209,225,234,239,240,241,283,320,323,329,338] pvalue=0.4 Lifts=[1.287313432835821, 0.0, 0.971830985915493, 0.9078947368421053, 1.078125]
 I=[2,0] (2,20) Y=[mcv,gammagt] X=[9,12,22,48,62,63,69,103,108,122,206,216,224,244,245,247,272,301,324,343] pvalue=0.2 Lifts=[1.6735074626865671, 0.0, 0.971830985915493, 0.3026315789473684, 0.71875]
 I=[0,3] (2,19) Y=[mcv,sgot] X=[0,4,38,49,55,76,89,121,203,210,220,222,227,228,229,243,268,307,336] pvalue=0.39 Lifts=[1.7615868028279653, 1.0375939849624058, 0.5114899925871016, 0.3185595567867036, 0.37828947368421056]
 I=[0,2] (2,18) Y=[mcv,sgpt] X=[13,30,38,44,51,67,72,100,111,112,190,196,201,211,220,242,256,257] pvalue=0.41 Lifts=[1.7164179104477613, 1.6428571428571428, 0.8098591549295775, 0.0, 0.0]
 I=[0,3] (2,17) Y=[mcv,alkphos] X=[13,24,30,56,89,110,132,190,203,209,227,228,251,254,264,276,288] pvalue=0.53 Lifts=[1.5144863915715538, 1.1596638655462184, 1.143330571665286, 0.3560371517027863, 0.0]
 I=[2,2] (2,17) Y=[alkphos,sgpt] X=[25,41,44,51,58,72,90,98,138,176,211,237,248,257,305,313,343] pvalue=0.07 Lifts=[1.2115891132572432, 1.1596638655462184, 0.571665285832643, 1.068111455108359, 0.8455882352941176]
 I=[2,3] (2,17) Y=[sgpt,gammagt] X=[33,39,41,58,98,126,151,211,220,235,237,259,278,305,318,328,340] pvalue=0.07 Lifts=[1.2115891132572432, 0.5798319327731092, 0.8574979287489644, 1.068111455108359, 0.8455882352941176]
 I=[0,4] (2,16) Y=[mcv,sgpt] X=[0,1,24,36,40,76,132,150,192,227,228,254,277,288,307,339] pvalue=0.55 Lifts=[1.287313432835821, 1.2321428571428572, 0.6073943661971832, 1.1348684210526316, 0.44921875]
 I=[1,0] (2,16) Y=[mcv,gammagt] X=[6,7,16,27,42,45,66,102,104,164,191,199,213,215,266,281] pvalue=0.1 Lifts=[1.7700559701492535, 0.6160714285714286, 0.9110915492957747, 0.37828947368421056, 0.0]
 I=[2,1] (2,16) Y=[sgpt,sgot] X=[9,13,33,39,65,77,90,100,104,126,190,193,195,235,237,287] pvalue=0.27 Lifts=[1.609141791044776, 0.6160714285714286, 1.518485915492958, 0.0, 0.0]
 I=[2,0] (2,16) Y=[sgpt,gammagt] X=[9,48,51,72,104,190,195,196,199,201,206,215,242,248,252,343] pvalue=0.37 Lifts=[2.091884328358209, 0.6160714285714286, 0.3036971830985916, 0.0, 0.44921875]
 I=[0,0] (2,15) Y=[mcv,sgot] X=[2,11,30,43,44,115,135,196,201,209,211,240,256,291,323] pvalue=0.86 Lifts=[1.716417910447761, 0.6571428571428571, 0.647887323943662, 0.4035087719298246, 0.47916666666666663]
 I=[0,1] (2,15) Y=[mcv,gammagt] X=[11,13,29,30,43,44,55,56,74,112,135,210,225,256,291] pvalue=0.55 Lifts=[1.716417910447761, 1.3142857142857143, 0.647887323943662, 0.4035087719298246, 0.0]
 I=[1,1] (2,15) Y=[mcv,gammagt] X=[10,17,50,57,65,93,94,105,113,153,197,208,218,258,270] pvalue=0.03 Lifts=[1.373134328358209, 1.3142857142857143, 1.295774647887324, 0.4035087719298246, 0.0]
 I=[2,3] (2,15) Y=[mcv,alkphos] X=[3,15,35,48,61,73,75,106,129,145,156,159,206,221,245] pvalue=0.45 Lifts=[1.373134328358209, 1.3142857142857143, 0.647887323943662, 1.210526315789474, 0.0]
 I=[0,3] (2,14) Y=[mcv,gammagt] X=[0,40,49,192,211,220,228,243,250,254,268,288,296,329] pvalue=0.67 Lifts=[1.6551172707889128, 1.4081632653061225, 0.6941649899396379, 0.0, 0.5133928571428571]
 I=[0,3] (2,14) Y=[alkphos,sgpt] X=[2,21,29,47,49,60,86,155,218,243,275,281,321,335] pvalue=0.27 Lifts=[1.471215351812367, 0.7040816326530612, 0.6941649899396379, 0.43233082706766923, 1.0267857142857142]
 I=[2,1] (2,14) Y=[alkphos,sgpt] X=[7,16,27,34,55,93,130,183,200,214,222,274,282,284] pvalue=0.21 Lifts=[1.471215351812367, 0.0, 1.3883299798792759, 0.43233082706766923, 0.5133928571428571]
 I=[2,1] (2,14) Y=[alkphos,sgot] X=[14,23,27,64,71,90,136,200,234,236,237,255,283,292] pvalue=0.35 Lifts=[1.471215351812367, 1.4081632653061225, 1.0412474849094568, 0.43233082706766923, 0.0]
 I=[3,1] (2,14) Y=[alkphos,gammagt] X=[13,15,17,30,50,56,61,65,113,140,159,197,208,317] pvalue=0.26 Lifts=[1.8390191897654586, 0.0, 0.34708249496981897, 1.2969924812030078, 0.0]
 I=[2,0] (2,17) Y=[mcv,gammagt] X=[9,12,22,48,63,103,108,122,206,216,224,244,245,247,272,301,324] pvalue=0.45 Lifts=[1.665935030728709, 0.0, 1.143330571665286, 0.3560371517027863, 0.4227941176470588]
 I=[0,0] (2,17) Y=[sgpt,gammagt] X=[4,19,37,42,63,69,87,103,117,122,134,139,177,213,241,272,338] pvalue=0.43 Lifts=[1.2115891132572432, 0.5798319327731092, 1.143330571665286, 0.7120743034055727, 0.8455882352941176]
 I=[0,4] (2,16) Y=[mcv,sgpt] X=[0,1,24,36,40,76,132,150,192,227,228,254,277,288,307,339] pvalue=0.55 Lifts=[1.287313432835821, 1.2321428571428572, 0.6073943661971832, 1.1348684210526316, 0.44921875]
 I=[1,1] (2,15) Y=[mcv,gammagt] X=[10,17,50,57,65,93,94,105,113,153,197,208,218,258,270] pvalue=0.03 Lifts=[1.373134328358209, 1.3142857142857143, 1.295774647887324, 0.4035087719298246, 0.0]
 I=[0,3] (2,14) Y=[mcv,sgot] X=[0,38,55,76,89,121,203,210,227,228,229,268,307,336] pvalue=0.83 Lifts=[1.471215351812367, 1.4081632653061225, 0.6941649899396379, 0.43233082706766923, 0.5133928571428571]
 I=[0,3] (2,14) Y=[alkphos,sgpt] X=[2,21,29,47,49,60,86,155,218,243,275,281,321,335] pvalue=0.27 Lifts=[1.471215351812367, 0.7040816326530612, 0.6941649899396379, 0.43233082706766923, 1.0267857142857142]
 I=[1,0] (2,13) Y=[mcv,gammagt] X=[6,42,45,66,102,104,164,191,199,213,215,266,281] pvalue=0.33 Lifts=[1.584385763490241, 0.7582417582417582, 1.1213434452871072, 0.46558704453441296, 0.0]
 I=[3,1] (2,13) Y=[alkphos,gammagt] X=[15,17,30,50,56,61,65,113,140,159,197,208,317] pvalue=0.36 Lifts=[1.782433983926521, 0.0, 0.37378114842903576, 1.3967611336032388, 0.0]
 I=[0,4] (2,12) Y=[mcv,alkphos] X=[0,38,40,76,111,121,170,192,210,250,320,336] pvalue=0.91 Lifts=[1.287313432835821, 0.8214285714285714, 0.8098591549295775, 0.5043859649122807, 1.1979166666666665]
 I=[1,2] (2,11) Y=[mcv,sgpt] X=[33,39,41,65,98,105,113,165,199,215,267] pvalue=0.37 Lifts=[1.4043419267299866, 0.8961038961038961, 1.325224071702945, 0.5502392344497609, 0.0]
 I=[1,1,0] (3,7) Y=[alkphos,sgpt,gammagt] X=[6,22,45,102,164,191,223] pvalue=0.02 Lifts=[1.8390191897654586, 0.0, 0.6941649899396379, 0.8646616541353385, 0.0]
 I=[1,3] (2,10) Y=[mcv,alkphos] X=[17,50,65,113,123,197,205,208,226,297] pvalue=0.51 Lifts=[1.802238805970149, 0.0, 1.4577464788732395, 0.0, 0.0]
 I=[1,1] (2,10) Y=[mcv,sgpt] X=[6,45,50,57,93,97,102,164,191,205] pvalue=0.43 Lifts=[1.544776119402985, 0.0, 1.4577464788732395, 0.6052631578947368, 0.0]
 I=[1,3] (2,10) Y=[mcv,gammagt] X=[33,39,41,81,98,124,205,219,226,275] pvalue=0.39 Lifts=[1.544776119402985, 0.9857142857142857, 1.4577464788732395, 0.0, 0.0]
 I=[2,0] (2,10) Y=[sgpt,gammagt] X=[48,51,72,199,206,215,242,248,252,343] pvalue=0.9 Lifts=[2.059701492537313, 0.9857142857142857, 0.0, 0.0, 0.71875]
 I=[1,3] (2,10) Y=[sgot,gammagt] X=[33,39,71,126,143,192,235,237,303,334] pvalue=0.78 Lifts=[1.287313432835821, 0.9857142857142857, 0.4859154929577465, 1.2105263157894737, 0.71875]
 I=[3,1] (2,9) Y=[sgpt,gammagt] X=[20,21,29,107,197,208,210,218,258] pvalue=0.82 Lifts=[2.0024875621890548, 1.0952380952380951, 0.539906103286385, 0.0, 0.0]
 I=[0,4,3] (3,6) Y=[mcv,sgpt,gammagt] X=[0,40,192,228,254,288] pvalue=0.04 Lifts=[1.716417910447761, 1.6428571428571428, 0.8098591549295775, 0.0, 0.0]
 I=[0,2] (2,8) Y=[mcv,alkphos] X=[1,55,64,136,183,234,255,283] pvalue=0.98 Lifts=[1.287313432835821, 1.2321428571428572, 0.6073943661971832, 0.7565789473684211, 0.8984375]
 I=[4,0] (2,8) Y=[mcv,sgpt] X=[5,19,23,53,144,236,303,331] pvalue=0.96 Lifts=[1.609141791044776, 0.0, 0.0, 1.5131578947368423, 0.8984375]
 I=[3,0] (2,8) Y=[sgpt,sgot] X=[2,20,32,107,198,230,258,290] pvalue=0.98 Lifts=[1.609141791044776, 1.2321428571428572, 1.2147887323943665, 0.0, 0.0]
 I=[0,0] (2,7) Y=[mcv,sgot] X=[11,43,44,135,240,256,291] pvalue=0.99 Lifts=[1.471215351812367, 1.4081632653061225, 0.6941649899396379, 0.8646616541353385, 0.0]
 I=[3,0] (2,7) Y=[alkphos,sgot] X=[32,61,75,129,198,205,221] pvalue=0.98 Lifts=[1.8390191897654586, 1.4081632653061225, 0.6941649899396379, 0.0, 0.0]
 I=[4,2] (2,7) Y=[alkphos,sgpt] X=[38,111,193,199,215,267,328] pvalue=0.96 Lifts=[1.471215351812367, 1.4081632653061225, 0.6941649899396379, 0.0, 1.0267857142857142]
 I=[4,0] (2,7) Y=[alkphos,gammagt] X=[19,42,103,122,199,213,215] pvalue=0.98 Lifts=[1.8390191897654586, 0.0, 1.3883299798792759, 0.0, 0.0]
 I=[2,1] (2,7) Y=[sgot,gammagt] X=[10,57,112,148,218,225,269] pvalue=0.8 Lifts=[1.471215351812367, 1.4081632653061225, 0.6941649899396379, 0.8646616541353385, 0.0]
 I=[4,1] (2,6) Y=[alkphos,gammagt] X=[28,82,107,193,207,210] pvalue=0.96 Lifts=[1.716417910447761, 1.6428571428571428, 0.8098591549295775, 0.0, 0.0]
 I=[4,2] (2,6) Y=[sgot,gammagt] X=[1,36,60,92,231,325] pvalue=0.96 Lifts=[1.716417910447761, 0.0, 0.8098591549295775, 0.0, 1.1979166666666665]

0.000;0.000;0.000;0.000;0.000;0.000;0.000;0.000;0.000;0.000;0.000;0.000;0.000;0.000;0.000;0.000;0.000;0.000;0.000;0.000;0.000;0.000;0.000;0.000;0.000;0.000;0.000;0.000;0.000;0.000;0.000;0.000;0.000;0.000;0.000;
0.000;0.000;0.000;0.000;0.000;0.000;0.000;0.000;0.000;0.000;0.000;0.000;0.000;0.000;0.000;0.000;0.000;0.000;0.000;0.000;0.000;0.000;0.000;0.000;0.000;0.000;0.000;0.000;0.000;0.000;0.000;0.000;0.000;0.000;0.000;



4.000;0.000;0.000;0.000;0.000;0.000;0.000;0.000;0.000;0.000;0.000;0.000;0.000;0.000;0.000;0.000;0.000;0.000;0.000;0.000;0.000;0.000;0.000;0.000;0.000;0.000;0.000;0.000;0.000;0.000;0.000;0.000;
0.000;0.000;0.000;0.000;0.000;0.000;0.000;0.000;0.000;0.000;0.000;0.000;0.000;0.000;0.000;0.000;0.000;0.000;0.000;0.000;0.000;0.000;0.000;0.000;0.000;0.000;0.000;0.000;0.000;0.000;0.000;0.000;



0.000;0.000;0.000;0.000;0.000;0.000;0.000;0.000;0.000;0.000;0.000;0.000;0.000;0.000;0.000;0.000;0.000;0.000;0.000;0.000;0.000;0.000;0.000;0.000;0.000;0.000;0.000;
0.000;0.000;0.000;0.000;0.000;0.000;0.000;0.000;0.000;0.000;0.000;0.000;0.000;0.000;0.000;0.000;0.000;0.000;0.000;0.000;0.000;0.000;0.000;0.000;0.000;0.000;0.000;



0.000;0.000;0.000;0.000;0.000;0.000;0.000;0.000;0.000;0.000;0.000;0.000;0.000;0.000;0.000;0.000;0.000;0.000;0.000;0.000;0.000;0.000;0.000;
0.000;0.000;0.000;0.000;0.000;0.000;0.000;0.000;0.000;0.000;0.000;0.000;0.000;0.000;0.000;0.000;0.000;0.000;0.000;0.000;0.000;0.000;0.000;



0.000;0.000;0.000;0.000;0.000;0.000;0.000;0.000;0.000;0.000;0.000;0.000;0.000;0.000;0.000;0.000;0.000;0.000;0.000;0.000;0.000;0.000;
0.000;0.000;0.000;0.000;0.000;0.000;0.000;0.000;0.000;0.000;0.000;0.000;0.000;0.000;0.000;0.000;0.000;0.000;0.000;0.000;0.000;0.000;



2.000;0.000;0.000;0.000;0.000;0.000;0.000;0.000;0.000;0.000;0.000;0.000;0.000;0.000;0.000;0.000;0.000;0.000;0.000;0.000;0.000;0.000;
0.000;0.000;0.000;0.000;0.000;0.000;0.000;0.000;0.000;0.000;0.000;0.000;0.000;0.000;0.000;0.000;0.000;0.000;0.000;0.000;0.000;0.000;



4.000;0.000;0.000;0.000;0.000;0.000;0.000;0.000;0.000;0.000;0.000;0.000;0.000;0.000;0.000;0.000;0.000;0.000;0.000;0.000;0.000;
4.000;0.000;0.000;0.000;0.000;0.000;0.000;0.000;0.000;0.000;0.000;0.000;0.000;0.000;0.000;0.000;0.000;0.000;0.000;0.000;0.000;



0.000;0.000;0.000;0.000;0.000;0.000;0.000;0.000;0.000;0.000;0.000;0.000;0.000;0.000;0.000;0.000;0.000;0.000;0.000;0.000;0.000;
0.000;0.000;0.000;0.000;0.000;0.000;0.000;0.000;0.000;0.000;0.000;0.000;0.000;0.000;0.000;0.000;0.000;0.000;0.000;0.000;0.000;



0.000;0.000;0.000;0.000;0.000;0.000;0.000;0.000;0.000;0.000;0.000;0.000;0.000;0.000;0.000;0.000;0.000;0.000;0.000;0.000;0.000;
0.000;0.000;0.000;0.000;0.000;0.000;0.000;0.000;0.000;0.000;0.000;0.000;0.000;0.000;0.000;0.000;0.000;0.000;0.000;0.000;0.000;



3.000;0.000;0.000;0.000;0.000;0.000;0.000;0.000;0.000;0.000;0.000;0.000;0.000;0.000;0.000;0.000;0.000;0.000;0.000;0.000;
4.000;0.000;0.000;0.000;0.000;0.000;0.000;0.000;0.000;0.000;0.000;0.000;0.000;0.000;0.000;0.000;0.000;0.000;0.000;0.000;



0.000;0.000;0.000;0.000;0.000;0.000;0.000;0.000;0.000;0.000;0.000;0.000;0.000;0.000;0.000;0.000;0.000;0.000;0.000;0.000;
0.000;0.000;0.000;0.000;0.000;0.000;0.000;0.000;0.000;0.000;0.000;0.000;0.000;0.000;0.000;0.000;0.000;0.000;0.000;0.000;



0.000;3.000;0.000;0.000;0.000;0.000;0.000;0.000;0.000;0.000;0.000;0.000;0.000;0.000;0.000;0.000;0.000;0.000;0.000;
2.000;3.000;0.000;0.000;0.000;0.000;0.000;0.000;0.000;0.000;0.000;0.000;0.000;0.000;0.000;0.000;0.000;0.000;0.000;



0.000;0.000;0.000;0.000;0.000;0.000;0.000;0.000;0.000;0.000;0.000;0.000;0.000;0.000;0.000;0.000;0.000;0.000;
0.000;0.000;0.000;0.000;0.000;0.000;0.000;0.000;0.000;0.000;0.000;0.000;0.000;0.000;0.000;0.000;0.000;0.000;



0.000;0.000;0.000;0.000;0.000;0.000;0.000;0.000;0.000;0.000;0.000;0.000;0.000;0.000;0.000;0.000;0.000;
0.000;0.000;0.000;0.000;0.000;0.000;0.000;0.000;0.000;0.000;0.000;0.000;0.000;0.000;0.000;0.000;0.000;



0.000;0.000;0.000;0.000;0.000;0.000;0.000;0.000;0.000;0.000;0.000;0.000;0.000;0.000;0.000;0.000;0.000;
0.000;0.000;0.000;0.000;0.000;0.000;0.000;0.000;0.000;0.000;0.000;0.000;0.000;0.000;0.000;0.000;0.000;



0.000;0.000;0.000;0.000;0.000;0.000;0.000;0.000;0.000;0.000;0.000;0.000;0.000;0.000;0.000;0.000;0.000;
0.000;0.000;0.000;0.000;0.000;0.000;0.000;0.000;0.000;0.000;0.000;0.000;0.000;0.000;0.000;0.000;0.000;



0.000;4.000;0.000;0.000;0.000;0.000;0.000;0.000;0.000;0.000;0.000;0.000;0.000;0.000;0.000;0.000;
0.000;0.000;0.000;0.000;0.000;0.000;0.000;0.000;0.000;0.000;0.000;0.000;0.000;0.000;0.000;0.000;



0.000;0.000;0.000;0.000;0.000;0.000;0.000;0.000;0.000;0.000;0.000;0.000;0.000;0.000;0.000;0.000;
0.000;0.000;0.000;0.000;0.000;0.000;0.000;0.000;0.000;0.000;0.000;0.000;0.000;0.000;0.000;0.000;



0.000;0.000;0.000;0.000;0.000;0.000;0.000;0.000;0.000;0.000;0.000;0.000;0.000;0.000;0.000;0.000;
0.000;0.000;0.000;0.000;0.000;0.000;0.000;0.000;0.000;0.000;0.000;0.000;0.000;0.000;0.000;0.000;



0.000;0.000;0.000;0.000;0.000;0.000;0.000;0.000;0.000;0.000;0.000;0.000;0.000;0.000;0.000;0.000;
0.000;0.000;0.000;0.000;0.000;0.000;0.000;0.000;0.000;0.000;0.000;0.000;0.000;0.000;0.000;0.000;



4.000;0.000;0.000;0.000;0.000;0.000;0.000;0.000;0.000;0.000;0.000;0.000;0.000;0.000;0.000;
3.000;0.000;0.000;0.000;0.000;0.000;0.000;0.000;0.000;0.000;0.000;0.000;0.000;0.000;0.000;



0.000;0.000;0.000;0.000;0.000;0.000;0.000;0.000;0.000;0.000;0.000;0.000;0.000;0.000;0.000;
0.000;0.000;0.000;0.000;0.000;0.000;0.000;0.000;0.000;0.000;0.000;0.000;0.000;0.000;0.000;



0.000;0.000;0.000;0.000;0.000;0.000;0.000;0.000;0.000;0.000;0.000;0.000;0.000;0.000;0.000;
0.000;0.000;0.000;0.000;0.000;0.000;0.000;0.000;0.000;0.000;0.000;0.000;0.000;0.000;0.000;



3.000;0.000;0.000;0.000;0.000;0.000;0.000;0.000;0.000;0.000;0.000;0.000;0.000;0.000;0.000;
4.000;0.000;0.000;0.000;0.000;0.000;0.000;0.000;0.000;0.000;0.000;0.000;0.000;0.000;0.000;



0.000;0.000;0.000;0.000;0.000;0.000;0.000;0.000;0.000;0.000;0.000;0.000;0.000;0.000;
0.000;0.000;0.000;0.000;0.000;0.000;0.000;0.000;0.000;0.000;0.000;0.000;0.000;0.000;



4.000;0.000;0.000;0.000;0.000;0.000;0.000;0.000;0.000;0.000;0.000;0.000;0.000;0.000;
3.000;0.000;0.000;0.000;0.000;0.000;0.000;0.000;0.000;0.000;0.000;0.000;0.000;0.000;



0.000;0.000;0.000;0.000;0.000;0.000;0.000;0.000;0.000;0.000;0.000;0.000;0.000;0.000;
0.000;0.000;0.000;0.000;0.000;0.000;0.000;0.000;0.000;0.000;0.000;0.000;0.000;0.000;



0.000;0.000;0.000;0.000;0.000;0.000;0.000;0.000;0.000;0.000;0.000;0.000;0.000;0.000;
0.000;0.000;0.000;0.000;0.000;0.000;0.000;0.000;0.000;0.000;0.000;0.000;0.000;0.000;



0.000;0.000;0.000;0.000;0.000;0.000;0.000;0.000;0.000;0.000;0.000;0.000;0.000;0.000;
0.000;0.000;0.000;0.000;0.000;0.000;0.000;0.000;0.000;0.000;0.000;0.000;0.000;0.000;



0.000;0.000;0.000;0.000;0.000;0.000;0.000;0.000;0.000;0.000;0.000;0.000;0.000;0.000;0.000;0.000;0.000;
0.000;0.000;0.000;0.000;0.000;0.000;0.000;0.000;0.000;0.000;0.000;0.000;0.000;0.000;0.000;0.000;0.000;



4.000;0.000;0.000;0.000;0.000;0.000;0.000;0.000;0.000;0.000;0.000;0.000;0.000;0.000;0.000;0.000;0.000;
0.000;0.000;0.000;0.000;0.000;0.000;0.000;0.000;0.000;0.000;0.000;0.000;0.000;0.000;0.000;0.000;0.000;



0.000;4.000;0.000;0.000;0.000;0.000;0.000;0.000;0.000;0.000;0.000;0.000;0.000;0.000;0.000;0.000;
0.000;0.000;0.000;0.000;0.000;0.000;0.000;0.000;0.000;0.000;0.000;0.000;0.000;0.000;0.000;0.000;



0.000;0.000;0.000;0.000;0.000;0.000;0.000;0.000;0.000;0.000;0.000;0.000;0.000;0.000;0.000;
0.000;0.000;0.000;0.000;0.000;0.000;0.000;0.000;0.000;0.000;0.000;0.000;0.000;0.000;0.000;



0.000;0.000;0.000;0.000;0.000;0.000;0.000;0.000;0.000;0.000;0.000;0.000;0.000;0.000;
2.000;0.000;0.000;0.000;0.000;0.000;0.000;0.000;0.000;0.000;0.000;0.000;0.000;0.000;



4.000;0.000;0.000;0.000;0.000;0.000;0.000;0.000;0.000;0.000;0.000;0.000;0.000;0.000;
3.000;0.000;0.000;0.000;0.000;0.000;0.000;0.000;0.000;0.000;0.000;0.000;0.000;0.000;



0.000;0.000;0.000;0.000;0.000;0.000;0.000;0.000;0.000;0.000;0.000;0.000;0.000;
0.000;0.000;0.000;0.000;0.000;0.000;0.000;0.000;0.000;0.000;0.000;0.000;0.000;



0.000;0.000;0.000;0.000;0.000;0.000;0.000;0.000;0.000;0.000;0.000;0.000;0.000;
0.000;0.000;0.000;0.000;0.000;0.000;0.000;0.000;0.000;0.000;0.000;0.000;0.000;



0.000;0.000;0.000;0.000;0.000;0.000;0.000;0.000;0.000;0.000;0.000;0.000;
0.000;0.000;0.000;0.000;0.000;0.000;0.000;0.000;0.000;0.000;0.000;0.000;



0.000;0.000;0.000;0.000;0.000;0.000;0.000;0.000;0.000;0.000;0.000;
0.000;0.000;0.000;0.000;0.000;0.000;0.000;0.000;0.000;0.000;0.000;



0.000;0.000;0.000;0.000;0.000;0.000;0.000;
0.000;0.000;0.000;0.000;0.000;0.000;0.000;
0.000;0.000;0.000;0.000;0.000;0.000;0.000;



0.000;0.000;0.000;0.000;0.000;0.000;0.000;0.000;0.000;0.000;
0.000;0.000;0.000;0.000;0.000;0.000;0.000;0.000;0.000;0.000;



0.000;0.000;0.000;0.000;0.000;0.000;0.000;0.000;0.000;0.000;
0.000;0.000;0.000;0.000;0.000;0.000;0.000;0.000;0.000;0.000;



0.000;0.000;0.000;0.000;0.000;0.000;0.000;0.000;0.000;0.000;
0.000;0.000;0.000;0.000;0.000;0.000;0.000;0.000;0.000;0.000;



0.000;0.000;0.000;0.000;0.000;0.000;0.000;0.000;0.000;0.000;
0.000;0.000;0.000;0.000;0.000;0.000;0.000;0.000;0.000;0.000;



0.000;0.000;0.000;0.000;0.000;0.000;0.000;0.000;0.000;0.000;
0.000;0.000;0.000;0.000;0.000;0.000;0.000;0.000;0.000;0.000;



0.000;0.000;0.000;0.000;0.000;0.000;0.000;0.000;0.000;
0.000;0.000;0.000;0.000;0.000;0.000;0.000;0.000;0.000;



0.000;0.000;0.000;0.000;0.000;0.000;
0.000;0.000;0.000;0.000;0.000;0.000;
0.000;0.000;0.000;0.000;0.000;0.000;



4.000;0.000;0.000;0.000;0.000;0.000;0.000;0.000;
2.000;0.000;0.000;0.000;0.000;0.000;0.000;0.000;



0.000;0.000;0.000;0.000;0.000;0.000;0.000;0.000;
0.000;0.000;0.000;0.000;0.000;0.000;0.000;0.000;



3.000;0.000;0.000;0.000;0.000;0.000;0.000;0.000;
3.000;0.000;0.000;0.000;0.000;0.000;0.000;0.000;



0.000;0.000;0.000;0.000;0.000;0.000;0.000;
0.000;0.000;0.000;0.000;0.000;0.000;0.000;



0.000;0.000;0.000;0.000;0.000;0.000;0.000;
0.000;0.000;0.000;0.000;0.000;0.000;0.000;



0.000;0.000;0.000;0.000;0.000;0.000;0.000;
0.000;0.000;0.000;0.000;0.000;0.000;0.000;



0.000;0.000;0.000;0.000;0.000;0.000;0.000;
0.000;0.000;0.000;0.000;0.000;0.000;0.000;



0.000;0.000;0.000;0.000;0.000;0.000;0.000;
0.000;0.000;0.000;0.000;0.000;0.000;0.000;



0.000;0.000;0.000;0.000;0.000;0.000;
0.000;0.000;0.000;0.000;0.000;0.000;



3.000;0.000;0.000;0.000;0.000;0.000;
2.000;0.000;0.000;0.000;0.000;0.000;



