FOUND BICS:#46
 I=[0,4] (2,34) Y=[Fatty_acyl_CoA_reductase,A1U3L3] X=[25,26,33,34,42,43,145,146,147,149,152,153,161,162,181,184,185,186,188,189,205,206,207,208,209,210,211,212,213,214,216,219,221,228] pvalue=0.003007122302179032 Lifts=[1.590909090909091, 0.0, 0.0, 1.2989690721649483, 1.4]
 I=[0,0] (2,29) Y=[AHR_ECOLI,Fatty_acyl_CoA_reductase] X=[3,17,18,24,25,27,28,29,41,46,47,48,49,50,51,62,97,98,138,139,143,144,186,188,189,206,208,211,213] pvalue=0.01 Lifts=[1.7408568443051202, 0.46896551724137925, 0.0, 1.0152861713473162, 1.6413793103448273]
 I=[0,0] (2,28) Y=[Dodecanoyl_acyl_carrier_protein_hydrolase_chloroplastic,Fatty_acyl_CoA_reductase] X=[0,1,2,3,4,5,6,7,11,15,133,181,184,185,186,188,189,198,202,205,206,207,208,209,210,211,212,213] pvalue=0.07 Lifts=[3.090909090909091, 0.7285714285714285, 0.24285714285714283, 0.0, 0.0]
 I=[0,0] (2,27) Y=[LCFA_ECOLI,Dodecanoyl_acyl_carrier_protein_hydrolase_chloroplastic] X=[0,1,2,3,4,5,6,7,8,9,10,11,12,13,14,15,16,194,196,197,198,199,200,201,202,203,204] pvalue=3.9160530868787606E-7 Lifts=[3.0718294051627386, 1.0074074074074073, 0.0, 0.0, 0.0]
 I=[2,1,4] (3,18) Y=[LCFA_ECOLI,A1U2T0,A1U3L3] X=[148,149,152,184,185,186,188,189,206,209,212,217,218,220,221,222,226,227] pvalue=5.0260212288178015E-8 Lifts=[1.6026936026936025, 0.0, 0.0, 1.3631156930126005, 0.0]
 I=[0,2] (2,25) Y=[Fatty_acyl_CoA_reductase,A1U2T0] X=[0,1,33,34,44,45,46,47,48,49,50,53,119,143,145,164,165,175,177,181,198,207,210,211,214] pvalue=0.21 Lifts=[1.7309090909090907, 1.632, 0.0, 0.6870103092783505, 0.0]
 I=[0,0] (2,24) Y=[LCFA_ECOLI,A1U3L3] X=[0,1,2,4,5,6,7,10,11,12,13,14,118,119,120,173,174,179,193,194,196,197,199,200] pvalue=0.01 Lifts=[2.8547979797979797, 1.4166666666666667, 0.0, 0.0, 0.0]
 I=[0,3] (2,20) Y=[LCFA_ECOLI,Fatty_acyl_CoA_reductase] X=[8,9,10,12,13,14,16,120,169,170,171,172,174,179,197,199,201,204,235,236] pvalue=0.0032504709800954394 Lifts=[3.2454545454545447, 0.0, 0.0, 0.245360824742268, 0.0]
 I=[3,1] (2,20) Y=[Fatty_acyl_CoA_reductase,A1U3L3] X=[8,9,16,57,58,103,111,112,114,167,168,169,170,171,172,176,190,191,201,204] pvalue=0.0014971485863514583 Lifts=[1.9833333333333332, 0.33999999999999997, 1.7, 0.36804123711340203, 0.0]
 I=[4,3,1] (3,13) Y=[AHR_ECOLI,A1U2T0,A1U3L3] X=[111,114,166,167,168,169,170,171,172,178,180,202,204] pvalue=3.4734271413255023E-10 Lifts=[2.773892773892774, 0.0, 1.5692307692307692, 0.0, 0.0]
 I=[0,4] (2,18) Y=[Dodecanoyl_acyl_carrier_protein_hydrolase_chloroplastic,A1U3L3] X=[181,182,183,184,185,186,187,188,189,205,206,207,208,209,210,211,212,213] pvalue=0.003447580697511556 Lifts=[3.6060606060606055, 0.0, 0.0, 0.0, 0.0]
 I=[4,2] (2,17) Y=[AHR_ECOLI,Dodecanoyl_acyl_carrier_protein_hydrolase_chloroplastic] X=[79,82,83,84,88,89,90,94,95,96,169,170,171,172,178,179,180] pvalue=0.05 Lifts=[2.1212121212121215, 1.2000000000000002, 1.6, 0.0, 0.0]
 I=[0,1] (2,17) Y=[LCFA_ECOLI,A1U3L3] X=[3,8,9,15,16,169,170,171,172,178,180,195,198,201,202,203,204] pvalue=0.003121111376871051 Lifts=[3.393939393939394, 0.4, 0.0, 0.0, 0.0]
 I=[3,3] (2,17) Y=[Fatty_acyl_CoA_reductase,A1U2T0] X=[57,58,107,111,112,113,114,167,168,169,170,171,172,174,179,197,204] pvalue=7.57219927434301E-4 Lifts=[2.1212121212121215, 0.0, 2.0000000000000004, 0.28865979381443296, 0.0]
 I=[0,0] (2,17) Y=[Dodecanoyl_acyl_carrier_protein_hydrolase_chloroplastic,A1U3L3] X=[0,1,2,4,5,6,7,10,11,12,13,14,194,196,197,199,200] pvalue=0.31 Lifts=[2.757575757575758, 1.6, 0.0, 0.0, 0.0]
 I=[1,0] (2,16) Y=[AHR_ECOLI,A1U3L3] X=[2,4,5,7,14,53,56,59,99,101,102,118,119,194,196,199] pvalue=0.6 Lifts=[1.803030303030303, 1.7000000000000002, 0.42500000000000004, 0.4600515463917526, 0.0]
 I=[0,0] (2,16) Y=[LCFA_ECOLI,Fatty_acyl_CoA_reductase] X=[0,1,2,3,4,5,6,7,11,15,119,180,198,202,233,237] pvalue=0.87 Lifts=[2.479166666666667, 1.2750000000000001, 0.42500000000000004, 0.15335051546391754, 0.0]
 I=[1,0] (2,15) Y=[AHR_ECOLI,Dodecanoyl_acyl_carrier_protein_hydrolase_chloroplastic] X=[2,4,5,7,14,15,16,185,194,196,199,205,207,210,212] pvalue=0.08 Lifts=[2.8848484848484848, 1.3599999999999999, 0.0, 0.0, 0.0]
 I=[0,1] (2,15) Y=[Fatty_acyl_CoA_reductase,A1U3L3] X=[3,15,44,47,48,49,55,104,109,116,175,177,180,198,202] pvalue=0.86 Lifts=[1.9232323232323232, 1.3599999999999999, 0.9066666666666665, 0.32714776632302406, 0.0]
 I=[0,2] (2,15) Y=[Dodecanoyl_acyl_carrier_protein_hydrolase_chloroplastic,A1U2T0] X=[0,1,181,182,183,187,194,196,198,199,200,201,207,210,211] pvalue=0.03 Lifts=[3.3656565656565656, 0.45333333333333325, 0.0, 0.0, 0.0]
 I=[4,0] (2,15) Y=[A1U2T0,A1U3L3] X=[2,4,5,6,7,10,11,12,13,14,100,101,102,105,192] pvalue=0.008906516044898918 Lifts=[1.6828282828282828, 1.3599999999999999, 0.9066666666666665, 0.4907216494845361, 0.0]
 I=[0,4] (2,15) Y=[Dodecanoyl_acyl_carrier_protein_hydrolase_chloroplastic,A1U2T0] X=[2,3,4,5,6,7,8,9,10,11,12,13,14,15,16] pvalue=5.933436904826573E-5 Lifts=[2.8848484848484848, 1.3599999999999999, 0.0, 0.0, 0.0]
 I=[2,4] (2,14) Y=[A1U2T0,A1U3L3] X=[33,34,35,145,160,181,182,183,187,207,210,211,214,215] pvalue=0.05 Lifts=[1.803030303030303, 0.0, 0.0, 1.22680412371134, 0.0]
 I=[4,3] (2,13) Y=[AHR_ECOLI,Fatty_acyl_CoA_reductase] X=[103,111,114,167,168,169,170,171,172,174,179,191,204] pvalue=0.42 Lifts=[2.4965034965034962, 0.0, 1.5692307692307692, 0.1887390959555908, 0.0]
 I=[0,2] (2,13) Y=[LCFA_ECOLI,A1U2T0] X=[0,1,118,119,120,193,194,195,196,198,199,200,201] pvalue=0.09 Lifts=[2.773892773892774, 1.5692307692307692, 0.0, 0.0, 0.0]
 I=[0,3] (2,13) Y=[LCFA_ECOLI,A1U2T0] X=[169,170,171,172,173,174,178,179,180,197,202,203,204] pvalue=0.006462288052408714 Lifts=[3.606060606060606, 0.0, 0.0, 0.0, 0.0]
 I=[0,0,4] (3,7) Y=[AHR_ECOLI,Fatty_acyl_CoA_reductase,A1U3L3] X=[25,186,188,189,206,208,213] pvalue=0.04 Lifts=[3.090909090909091, 0.0, 0.0, 0.35051546391752575, 0.0]
 I=[0,1] (2,9) Y=[LCFA_ECOLI,A1U3L3] X=[169,170,171,172,178,180,195,203,204] pvalue=0.37 Lifts=[3.205387205387205, 0.7555555555555555, 0.0, 0.0, 0.0]
 I=[0,0,2] (3,6) Y=[AHR_ECOLI,Fatty_acyl_CoA_reductase,A1U2T0] X=[46,47,48,49,50,143] pvalue=0.1 Lifts=[2.404040404040404, 1.1333333333333333, 0.0, 0.40893470790378006, 0.0]
 I=[1,0,0] (3,6) Y=[LCFA_ECOLI,Fatty_acyl_CoA_reductase,A1U3L3] X=[50,51,53,97,98,108] pvalue=0.53 Lifts=[2.404040404040404, 2.2666666666666666, 0.0, 0.0, 0.0]
 I=[0,0] (2,8) Y=[Dodecanoyl_acyl_carrier_protein_hydrolase_chloroplastic,A1U3L3] X=[10,12,13,14,194,196,199,200] pvalue=0.97 Lifts=[3.1553030303030303, 0.8500000000000001, 0.0, 0.0, 0.0]
 I=[0,0] (2,7) Y=[LCFA_ECOLI,A1U3L3] X=[118,119,120,173,174,179,193] pvalue=0.98 Lifts=[3.090909090909091, 0.9714285714285713, 0.0, 0.0, 0.0]
 I=[1,4,1] (3,4) Y=[LCFA_ECOLI,Dodecanoyl_acyl_carrier_protein_hydrolase_chloroplastic,A1U2T0] X=[97,98,99,225] pvalue=0.22 Lifts=[2.7045454545454546, 0.0, 0.0, 0.6134020618556701, 0.0]
 I=[4,0,0] (3,4) Y=[Dodecanoyl_acyl_carrier_protein_hydrolase_chloroplastic,Fatty_acyl_CoA_reductase,A1U3L3] X=[45,97,98,105] pvalue=0.87 Lifts=[1.803030303030303, 1.7000000000000002, 0.0, 0.6134020618556701, 0.0]
 I=[0,0,1,0] (4,3) Y=[AHR_ECOLI,Fatty_acyl_CoA_reductase,A1U2T0,A1U3L3] X=[51,97,98] pvalue=0.17 Lifts=[2.404040404040404, 2.2666666666666666, 0.0, 0.0, 0.0]
 I=[0,4,1] (3,3) Y=[AHR_ECOLI,Dodecanoyl_acyl_carrier_protein_hydrolase_chloroplastic,A1U2T0] X=[97,98,159] pvalue=0.36 Lifts=[2.404040404040404, 0.0, 0.0, 0.8178694158075601, 0.0]
 I=[0,3,0] (3,3) Y=[LCFA_ECOLI,Dodecanoyl_acyl_carrier_protein_hydrolase_chloroplastic,A1U3L3] X=[118,120,173] pvalue=0.31 Lifts=[3.606060606060606, 0.0, 0.0, 0.0, 0.0]
 I=[0,3,0] (3,3) Y=[LCFA_ECOLI,A1U2T0,A1U3L3] X=[173,174,179] pvalue=0.16 Lifts=[3.606060606060606, 0.0, 0.0, 0.0, 0.0]
 I=[0,1,0,2] (4,2) Y=[AHR_ECOLI,LCFA_ECOLI,Fatty_acyl_CoA_reductase,A1U2T0] X=[49,50] pvalue=0.04 Lifts=[3.606060606060606, 0.0, 0.0, 0.0, 0.0]
 I=[1,1,3,1] (4,2) Y=[AHR_ECOLI,LCFA_ECOLI,Fatty_acyl_CoA_reductase,A1U2T0] X=[99,156] pvalue=0.04 Lifts=[1.803030303030303, 0.0, 0.0, 1.2268041237113403, 0.0]
 I=[0,4] (2,3) Y=[Dodecanoyl_acyl_carrier_protein_hydrolase_chloroplastic,A1U3L3] X=[182,183,187] pvalue=0.98 Lifts=[3.606060606060606, 0.0, 0.0, 0.0, 0.0]
 I=[1,4,3] (3,2) Y=[AHR_ECOLI,Dodecanoyl_acyl_carrier_protein_hydrolase_chloroplastic,Fatty_acyl_CoA_reductase] X=[99,158] pvalue=0.48 Lifts=[1.803030303030303, 0.0, 0.0, 1.2268041237113403, 0.0]
 I=[4,1,0] (3,2) Y=[AHR_ECOLI,LCFA_ECOLI,Fatty_acyl_CoA_reductase] X=[108,224] pvalue=0.87 Lifts=[1.803030303030303, 0.0, 0.0, 1.2268041237113403, 0.0]
 I=[4,0,0] (3,2) Y=[AHR_ECOLI,Fatty_acyl_CoA_reductase,A1U3L3] X=[105,108] pvalue=0.99 Lifts=[1.803030303030303, 0.0, 0.0, 1.2268041237113403, 0.0]
 I=[0,2] (2,2) Y=[LCFA_ECOLI,Fatty_acyl_CoA_reductase] X=[118,203] pvalue=0.9 Lifts=[3.606060606060606, 0.0, 0.0, 0.0, 0.0]
 I=[2,1] (2,2) Y=[Dodecanoyl_acyl_carrier_protein_hydrolase_chloroplastic,A1U3L3] X=[83,178] pvalue=0.99 Lifts=[3.606060606060606, 0.0, 0.0, 0.0, 0.0]

0.000;0.000;0.000;0.000;0.000;0.000;0.000;0.000;0.000;0.000;0.000;0.000;0.000;0.000;0.000;0.000;0.000;0.000;0.000;0.000;0.000;0.000;0.000;0.000;0.000;0.000;0.000;0.000;0.000;0.000;0.000;0.000;0.000;0.000;
0.000;0.000;0.000;0.000;0.000;0.000;0.000;0.000;0.000;0.000;0.000;0.000;0.000;0.000;0.000;0.000;0.000;0.000;0.000;0.000;0.000;0.000;0.000;0.000;0.000;0.000;0.000;0.000;0.000;0.000;0.000;0.000;0.000;0.000;



0.000;0.000;0.000;0.000;0.000;0.000;0.000;0.000;0.000;0.000;0.000;0.000;0.000;0.000;0.000;0.000;0.000;0.000;0.000;0.000;0.000;0.000;0.000;0.000;0.000;0.000;0.000;0.000;0.000;
0.000;0.000;0.000;0.000;0.000;0.000;0.000;0.000;0.000;0.000;0.000;0.000;0.000;0.000;0.000;0.000;0.000;0.000;0.000;0.000;0.000;0.000;0.000;0.000;0.000;0.000;0.000;0.000;0.000;



1.000;0.000;0.000;0.000;4.000;0.000;0.000;0.000;0.000;0.000;0.000;0.000;0.000;0.000;0.000;0.000;0.000;0.000;0.000;0.000;0.000;0.000;0.000;0.000;0.000;0.000;0.000;0.000;
0.000;0.000;0.000;0.000;4.000;1.000;0.000;0.000;0.000;0.000;0.000;0.000;0.000;0.000;0.000;0.000;0.000;0.000;0.000;0.000;0.000;0.000;0.000;0.000;0.000;0.000;0.000;0.000;



2.000;0.000;0.000;0.000;2.000;0.000;0.000;0.000;0.000;0.000;0.000;0.000;0.000;0.000;0.000;0.000;0.000;0.000;0.000;0.000;0.000;0.000;0.000;0.000;0.000;0.000;0.000;
1.000;0.000;0.000;0.000;4.000;0.000;0.000;0.000;0.000;0.000;0.000;0.000;0.000;0.000;0.000;0.000;0.000;0.000;0.000;0.000;0.000;0.000;0.000;0.000;0.000;0.000;0.000;



0.000;0.000;0.000;0.000;0.000;0.000;0.000;0.000;0.000;0.000;0.000;0.000;0.000;0.000;0.000;0.000;0.000;0.000;
0.000;0.000;0.000;0.000;0.000;0.000;0.000;0.000;0.000;0.000;0.000;0.000;0.000;0.000;0.000;0.000;0.000;0.000;
0.000;0.000;0.000;0.000;0.000;0.000;0.000;0.000;0.000;0.000;0.000;0.000;0.000;0.000;0.000;0.000;0.000;0.000;



0.000;0.000;0.000;0.000;0.000;0.000;0.000;0.000;0.000;0.000;0.000;0.000;0.000;0.000;0.000;0.000;0.000;0.000;0.000;0.000;0.000;0.000;0.000;0.000;0.000;
1.000;0.000;0.000;0.000;0.000;0.000;0.000;0.000;0.000;0.000;0.000;0.000;0.000;0.000;0.000;0.000;0.000;0.000;0.000;0.000;0.000;0.000;0.000;0.000;0.000;



2.000;0.000;0.000;2.000;0.000;0.000;0.000;0.000;0.000;0.000;0.000;0.000;0.000;0.000;0.000;0.000;0.000;0.000;0.000;0.000;0.000;0.000;0.000;0.000;
1.000;0.000;0.000;4.000;0.000;0.000;0.000;0.000;0.000;0.000;0.000;0.000;0.000;0.000;0.000;0.000;0.000;0.000;0.000;0.000;0.000;0.000;0.000;0.000;



0.000;0.000;0.000;0.000;0.000;0.000;0.000;0.000;0.000;0.000;0.000;0.000;0.000;0.000;0.000;0.000;0.000;0.000;0.000;0.000;
0.000;0.000;0.000;0.000;0.000;0.000;0.000;0.000;0.000;0.000;0.000;0.000;0.000;0.000;0.000;0.000;0.000;0.000;0.000;0.000;



0.000;0.000;0.000;0.000;0.000;0.000;0.000;0.000;0.000;0.000;0.000;0.000;0.000;0.000;0.000;0.000;0.000;0.000;0.000;0.000;
0.000;0.000;0.000;0.000;0.000;0.000;0.000;0.000;0.000;0.000;0.000;0.000;0.000;0.000;0.000;0.000;0.000;0.000;0.000;0.000;



0.000;0.000;0.000;0.000;0.000;0.000;0.000;0.000;0.000;0.000;0.000;0.000;0.000;
0.000;0.000;0.000;0.000;0.000;0.000;0.000;0.000;0.000;0.000;0.000;0.000;0.000;
0.000;0.000;0.000;0.000;0.000;0.000;0.000;0.000;0.000;0.000;0.000;0.000;0.000;



0.000;0.000;0.000;0.000;0.000;0.000;0.000;0.000;0.000;0.000;0.000;0.000;0.000;0.000;0.000;0.000;0.000;0.000;
0.000;0.000;0.000;0.000;0.000;0.000;0.000;0.000;0.000;0.000;0.000;0.000;0.000;0.000;0.000;0.000;0.000;0.000;



0.000;0.000;0.000;0.000;0.000;0.000;0.000;0.000;0.000;0.000;0.000;0.000;0.000;0.000;0.000;0.000;0.000;
0.000;0.000;0.000;0.000;0.000;0.000;0.000;0.000;0.000;0.000;0.000;0.000;0.000;0.000;0.000;0.000;0.000;



0.000;0.000;0.000;0.000;0.000;0.000;0.000;0.000;0.000;0.000;0.000;0.000;0.000;0.000;0.000;0.000;0.000;
0.000;0.000;0.000;0.000;0.000;0.000;0.000;0.000;0.000;0.000;0.000;0.000;0.000;0.000;0.000;0.000;0.000;



0.000;0.000;0.000;0.000;0.000;0.000;0.000;0.000;0.000;0.000;0.000;0.000;0.000;0.000;0.000;0.000;0.000;
0.000;0.000;0.000;0.000;0.000;0.000;0.000;0.000;0.000;0.000;0.000;0.000;0.000;0.000;0.000;0.000;0.000;



1.000;0.000;0.000;4.000;0.000;0.000;0.000;0.000;0.000;0.000;0.000;0.000;0.000;0.000;0.000;0.000;0.000;
1.000;0.000;0.000;4.000;0.000;0.000;0.000;0.000;0.000;0.000;0.000;0.000;0.000;0.000;0.000;0.000;0.000;



0.000;2.000;0.000;0.000;0.000;0.000;0.000;0.000;0.000;0.000;0.000;0.000;0.000;0.000;0.000;0.000;
0.000;4.000;0.000;0.000;0.000;0.000;0.000;0.000;0.000;0.000;0.000;0.000;0.000;0.000;0.000;0.000;



2.000;0.000;0.000;0.000;2.000;0.000;0.000;0.000;0.000;0.000;0.000;0.000;0.000;0.000;0.000;0.000;
0.000;0.000;0.000;0.000;4.000;1.000;0.000;0.000;0.000;0.000;0.000;0.000;0.000;0.000;0.000;0.000;



0.000;2.000;0.000;0.000;0.000;0.000;0.000;0.000;0.000;0.000;0.000;0.000;0.000;0.000;0.000;
0.000;4.000;0.000;0.000;0.000;0.000;0.000;0.000;0.000;0.000;0.000;0.000;0.000;0.000;0.000;



0.000;0.000;0.000;0.000;0.000;0.000;0.000;0.000;0.000;0.000;0.000;0.000;0.000;0.000;0.000;
0.000;0.000;0.000;0.000;0.000;0.000;0.000;0.000;0.000;0.000;0.000;0.000;0.000;0.000;0.000;



1.000;0.000;0.000;0.000;0.000;0.000;0.000;0.000;0.000;0.000;0.000;0.000;0.000;0.000;0.000;
1.000;0.000;0.000;0.000;0.000;0.000;0.000;0.000;0.000;0.000;0.000;0.000;0.000;0.000;0.000;



0.000;4.000;0.000;0.000;0.000;0.000;0.000;0.000;0.000;0.000;0.000;0.000;0.000;0.000;0.000;
0.000;4.000;0.000;0.000;0.000;0.000;0.000;0.000;0.000;0.000;0.000;0.000;0.000;0.000;0.000;



0.000;0.000;4.000;0.000;0.000;0.000;0.000;0.000;0.000;0.000;0.000;0.000;0.000;0.000;0.000;
0.000;0.000;4.000;0.000;0.000;0.000;0.000;0.000;0.000;0.000;0.000;0.000;0.000;0.000;0.000;



0.000;0.000;0.000;0.000;0.000;0.000;0.000;0.000;0.000;0.000;0.000;0.000;0.000;0.000;
0.000;0.000;0.000;0.000;0.000;0.000;0.000;0.000;0.000;0.000;0.000;0.000;0.000;0.000;



0.000;0.000;0.000;0.000;0.000;0.000;0.000;0.000;0.000;0.000;0.000;0.000;0.000;
0.000;0.000;0.000;0.000;0.000;0.000;0.000;0.000;0.000;0.000;0.000;0.000;0.000;



2.000;0.000;0.000;0.000;0.000;0.000;0.000;0.000;0.000;0.000;0.000;0.000;0.000;
1.000;0.000;0.000;0.000;0.000;0.000;0.000;0.000;0.000;0.000;0.000;0.000;0.000;



0.000;0.000;0.000;0.000;0.000;0.000;0.000;0.000;0.000;0.000;0.000;0.000;0.000;
0.000;0.000;0.000;0.000;0.000;0.000;0.000;0.000;0.000;0.000;0.000;0.000;0.000;



0.000;0.000;0.000;0.000;0.000;0.000;0.000;
0.000;0.000;0.000;0.000;0.000;0.000;0.000;
0.000;0.000;0.000;0.000;0.000;0.000;0.000;



0.000;0.000;0.000;0.000;0.000;0.000;0.000;0.000;0.000;
0.000;0.000;0.000;0.000;0.000;0.000;0.000;0.000;0.000;



0.000;0.000;0.000;0.000;0.000;0.000;
0.000;0.000;0.000;0.000;0.000;0.000;
0.000;0.000;0.000;0.000;0.000;0.000;



0.000;0.000;0.000;0.000;0.000;0.000;
0.000;0.000;0.000;0.000;0.000;0.000;
0.000;0.000;0.000;0.000;0.000;0.000;



0.000;0.000;0.000;0.000;0.000;0.000;0.000;0.000;
0.000;0.000;0.000;0.000;0.000;0.000;0.000;0.000;



0.000;0.000;0.000;0.000;0.000;0.000;0.000;
0.000;0.000;0.000;0.000;0.000;0.000;0.000;



0.000;0.000;0.000;0.000;
0.000;0.000;0.000;0.000;
0.000;0.000;0.000;0.000;



0.000;0.000;0.000;0.000;
0.000;0.000;0.000;0.000;
0.000;0.000;0.000;0.000;



0.000;0.000;0.000;
0.000;0.000;0.000;
0.000;0.000;0.000;
0.000;0.000;0.000;



0.000;0.000;0.000;
0.000;0.000;0.000;
0.000;0.000;0.000;



0.000;0.000;0.000;
0.000;0.000;0.000;
0.000;0.000;0.000;



0.000;0.000;0.000;
0.000;0.000;0.000;
0.000;0.000;0.000;



0.000;0.000;
0.000;0.000;
0.000;0.000;
0.000;0.000;



0.000;0.000;
0.000;0.000;
0.000;0.000;
0.000;0.000;



0.000;0.000;0.000;
0.000;0.000;0.000;



0.000;0.000;
0.000;0.000;
0.000;0.000;



0.000;0.000;
0.000;0.000;
0.000;0.000;



0.000;0.000;
0.000;0.000;
0.000;0.000;



0.000;0.000;
0.000;0.000;



0.000;0.000;
0.000;0.000;



